1695866617854 1.866862500000001 12000
1695866696089 1.866862500000001 16000
1695866774273 2.395878125000004 20000
1695866852758 2.395878125000004 24000
1695866931573 2.395878125000004 28000
1695867010436 2.395878125000004 32000
1695867088957 2.395878125000004 36000
1695867167856 2.395878125000004 40000
1695867246525 2.395878125000004 44000
1695867324859 2.395878125000004 48000
1695867398765 2.395878125000004 52000
1695867471244 2.395878125000004 56000
1695867543711 2.395878125000004 60000
1695867616275 2.395878125000004 64000
1695867688666 2.395878125000004 68000
1695867761147 2.4234276128161696 72000
1695867833646 2.4234276128161696 76000
1695867905968 2.4234276128161696 80000
1695867978645 2.4234276128161696 84000
1695868050945 2.4234276128161696 88000
1695868123172 2.4234276128161696 92000
1695868195388 2.609443237816183 96000
1695868267487 2.609443237816183 100000
1695868339844 2.609443237816183 104000
1695868412078 2.609443237816183 108000
1695868484257 2.609443237816183 112000
1695868556564 2.609443237816183 116000
1695868628835 2.609443237816183 120000
1695868701557 2.609443237816183 124000
1695868773896 2.609443237816183 128000
1695868846273 2.609443237816183 132000
1695868918304 2.609443237816183 136000
1695868990629 2.609443237816183 140000
1695869062730 2.609443237816183 144000
1695869134960 2.609443237816183 148000
1695869207385 2.609443237816183 152000
1695869279479 2.609443237816183 156000
1695869351720 2.609443237816183 160000
1695869424139 2.609443237816183 164000
1695869496343 2.4187557378161717 168000
1695869568762 2.4514780335440554 172000
1695869641043 2.4514780335440554 176000
1695869713271 2.4514780335440554 180000
1695869785756 2.4514780335440554 184000
1695869858455 2.4514780335440554 188000
1695869931135 2.4514780335440554 192000
1695870003472 2.4516619878161707 196000
1695870075998 2.4516619878161707 200000
1695870148233 2.4516619878161707 204000
1695870220358 2.4516619878161707 208000
1695870291157 2.4543651128161703 212000
1695870362912 2.4543651128161703 216000
1695870434831 2.4543651128161703 220000
1695870507355 2.4543651128161703 224000
1695870580463 2.4543651128161703 228000
1695870652939 2.4543651128161703 232000
1695870725313 2.4615057378152043 236000
1695870797460 2.47605261281617 240000
1695870869770 2.47605261281617 244000
1695870942215 2.47605261281617 248000
1695871014777 2.47605261281617 252000
1695871087054 2.47605261281617 256000
1695871159235 2.47605261281617 260000
1695871231657 2.47605261281617 264000
1695871304307 2.47605261281617 268000
