1695866617854 -0.19500000000000015 12000
1695866696090 1.4580499999999925 16000
1695866774274 1.4580499999999925 20000
1695866852758 1.4580499999999925 24000
1695866931574 1.4580499999999925 28000
1695867010436 1.4580499999999925 32000
1695867088957 1.4580499999999925 36000
1695867167857 1.4580499999999925 40000
1695867246525 1.4580499999999925 44000
1695867324860 1.4580499999999925 48000
1695867398765 1.4580499999999925 52000
1695867471244 1.4580499999999925 56000
1695867543712 1.4580499999999925 60000
1695867616276 1.4580499999999925 64000
1695867688667 1.4580499999999925 68000
1695867761147 1.4580499999999925 72000
1695867833647 1.4580499999999925 76000
1695867905969 1.796283605 80000
1695867978646 1.796283605 84000
1695868050946 1.796283605 88000
1695868123172 1.796283605 92000
1695868195389 1.796283605 96000
1695868267487 1.796283605 100000
1695868339845 1.796283605 104000
1695868412079 1.796283605 108000
1695868484257 1.796283605 112000
1695868556564 1.796283605 116000
1695868628836 1.796283605 120000
1695868701558 1.796283605 124000
1695868773897 1.796283605 128000
1695868846274 1.796283605 132000
1695868918305 1.796283605 136000
1695868990630 1.796283605 140000
1695869062730 1.796283605 144000
1695869134961 1.796283605 148000
1695869207386 1.796283605 152000
1695869279480 1.4501030335440523 156000
1695869351721 1.4501030335440523 160000
1695869424140 1.4501030335440523 164000
1695869496343 0.843 168000
1695869568763 0.843 172000
1695869641044 0.9425000000000002 176000
1695869713271 0.9425000000000002 180000
1695869785757 0.9425000000000002 184000
1695869858455 0.9425000000000002 188000
1695869931135 0.9425000000000002 192000
1695870003473 0.9425000000000002 196000
1695870075999 0.9425000000000002 200000
1695870148233 0.9425000000000002 204000
1695870220359 0.9425000000000002 208000
1695870291158 0.9425000000000002 212000
1695870362912 0.9425 216000
1695870434832 0.9485 220000
1695870507355 0.9485 224000
1695870580463 0.9485 228000
1695870652939 0.9485 232000
1695870725313 0.9485 236000
1695870797461 0.9485 240000
1695870869770 0.9485 244000
1695870942215 0.9485 248000
1695871014777 0.9485 252000
1695871087054 0.9485 256000
1695871159236 0.9485 260000
1695871231658 0.9455000000000001 264000
1695871304308 0.9455000000000001 268000
