1695864210271 -0.2835000000000002 16000
1695864289155 -0.2835000000000002 20000
1695864367903 -0.2835000000000002 24000
1695864446567 -0.2835000000000002 28000
1695864524893 -0.2835000000000002 32000
1695864602970 -0.2835000000000002 36000
1695864681260 -0.2835000000000002 40000
1695864759744 -0.2835000000000002 44000
1695864838301 -0.2835000000000002 48000
1695864917114 -0.2835000000000002 52000
1695864995580 -0.2835000000000002 56000
1695865073806 -0.2835000000000002 60000
1695865152177 -0.2835000000000002 64000
1695865230377 -0.2835000000000002 68000
1695865308643 -0.2835000000000002 72000
1695865386749 -0.2835000000000002 76000
1695865465373 -0.2835000000000002 80000
1695865543546 -0.2835000000000002 84000
1695865622095 -0.2835000000000002 88000
1695865700462 -0.2835000000000002 92000
1695865778902 -0.2835000000000002 96000
1695865857238 -0.2835000000000002 100000
1695865935596 -0.2835000000000002 104000
1695866013904 -0.2835000000000002 108000
1695866092326 -0.2835000000000002 112000
1695866170697 -0.2835000000000002 116000
1695866249373 -0.2835000000000002 120000
