1695864210270 -0.17600000000000013 16000
1695864289155 -0.17600000000000013 20000
1695864367902 -0.17600000000000013 24000
1695864446567 -0.17600000000000013 28000
1695864524892 -0.17600000000000013 32000
1695864602969 -0.17600000000000013 36000
1695864681259 -0.17600000000000013 40000
1695864759743 -0.17600000000000013 44000
1695864838301 -0.17600000000000013 48000
1695864917113 -0.17600000000000013 52000
1695864995579 -0.17600000000000013 56000
1695865073805 -0.17600000000000013 60000
1695865152177 -0.17600000000000013 64000
1695865230376 -0.17600000000000013 68000
1695865308643 -0.17600000000000013 72000
1695865386749 -0.17600000000000013 76000
1695865465373 -0.17600000000000013 80000
1695865543545 -0.17600000000000013 84000
1695865622095 -0.17600000000000013 88000
1695865700462 -0.17600000000000013 92000
1695865778902 -0.17600000000000013 96000
1695865857238 -0.17600000000000013 100000
1695865935596 -0.17600000000000013 104000
1695866013904 -0.17600000000000013 108000
1695866092325 -0.17600000000000013 112000
1695866170696 -0.17600000000000013 116000
1695866249373 -0.17600000000000013 120000
