1695863976037 0.5 4000
1695864053926 0.5 8000
1695864132000 0.5 12000
1695864210377 0.5 16000
1695864289248 0.5 20000
1695864367999 0.5 24000
1695864446658 0.5 28000
1695864524987 0.5 32000
1695864603062 0.5 36000
1695864681355 0.5 40000
1695864759836 0.5 44000
1695864838399 0.5 48000
1695864917216 0.5 52000
1695864995674 0.5 56000
1695865073898 0.5 60000
1695865152268 0.5 64000
1695865230471 0.5 68000
1695865308740 0.5 72000
1695865386844 0.5 76000
1695865465465 0.5 80000
1695865543638 0.5 84000
1695865622186 0.5 88000
1695865700558 0.5 92000
1695865778996 0.5 96000
1695865857345 0.5 100000
1695865935693 0.5 104000
1695866013998 0.5 108000
1695866092423 0.5 112000
1695866170787 0.5 116000
1695866249465 0.5 120000
