1695863976036 0.5 4000
1695864053924 0.5 8000
1695864131999 0.5 12000
1695864210376 0.5 16000
1695864289247 0.5 20000
1695864367998 0.5 24000
1695864446658 0.5 28000
1695864524986 0.5 32000
1695864603061 0.5 36000
1695864681354 0.5 40000
1695864759835 0.5 44000
1695864838398 0.5 48000
1695864917215 0.5 52000
1695864995673 0.5 56000
1695865073897 0.5 60000
1695865152267 0.5 64000
1695865230470 0.5 68000
1695865308739 0.5 72000
1695865386843 0.5 76000
1695865465464 0.5 80000
1695865543637 0.5 84000
1695865622185 0.5 88000
1695865700557 0.5 92000
1695865778995 0.5 96000
1695865857344 0.5 100000
1695865935693 0.5 104000
1695866013998 0.5 108000
1695866092422 0.5 112000
1695866170786 0.5 116000
1695866249464 0.5 120000
