1695863976038 0.001 4000
1695864053926 0.001 8000
1695864132000 0.001 12000
1695864210377 0.001 16000
1695864289248 0.001 20000
1695864367999 0.001 24000
1695864446659 0.001 28000
1695864524987 0.001 32000
1695864603062 0.001 36000
1695864681355 0.001 40000
1695864759836 0.001 44000
1695864838400 0.001 48000
1695864917216 0.001 52000
1695864995674 0.001 56000
1695865073899 0.001 60000
1695865152269 0.001 64000
1695865230472 0.001 68000
1695865308741 0.001 72000
1695865386845 0.001 76000
1695865465466 0.001 80000
1695865543638 0.001 84000
1695865622187 0.001 88000
1695865700558 0.001 92000
1695865778997 0.001 96000
1695865857345 0.001 100000
1695865935694 0.001 104000
1695866013999 0.001 108000
1695866092423 0.001 112000
1695866170788 0.001 116000
1695866249465 0.001 120000
