1695866460263 0.0 4000
1695866539205 0.0 8000
1695866617911 0.0 12000
1695866696134 0.0 16000
1695866774317 0.0 20000
1695866852806 0.0 24000
1695866931617 0.0 28000
1695867010484 0.0 32000
1695867089000 0.0 36000
1695867167900 0.0 40000
1695867246573 0.0 44000
1695867324906 0.0 48000
1695867398810 0.0 52000
1695867471293 0.0 56000
1695867543756 0.0 60000
1695867616322 0.0 64000
1695867688716 0.0 68000
1695867761197 0.0 72000
1695867833695 0.0 76000
1695867906013 0.0 80000
1695867978697 0.0 84000
1695868050992 0.0 88000
1695868123229 0.0 92000
1695868195440 0.0 96000
1695868267536 0.0 100000
1695868339892 0.0 104000
1695868412124 0.0 108000
1695868484302 0.0 112000
1695868556617 0.0 116000
1695868628883 0.0 120000
1695868701606 0.0 124000
1695868773945 0.0 128000
1695868846326 0.0 132000
1695868918356 0.0 136000
1695868990675 0.0 140000
1695869062777 0.0 144000
1695869135011 0.0 148000
1695869207436 0.0 152000
1695869279525 0.0 156000
1695869351773 0.0 160000
1695869424188 0.0 164000
1695869496394 0.0 168000
1695869568812 0.0 172000
1695869641093 0.0 176000
1695869713321 0.0 180000
1695869785807 0.0 184000
1695869858505 0.0 188000
1695869931185 0.0 192000
1695870003524 0.0 196000
1695870076049 0.0 200000
1695870148280 0.0 204000
1695870220405 0.0 208000
1695870291210 0.0 212000
1695870362958 0.0 216000
1695870434882 0.0 220000
1695870507407 0.0 224000
1695870580516 0.0 228000
1695870652992 0.0 232000
1695870725361 0.0 236000
1695870797509 0.0 240000
1695870869822 0.0 244000
1695870942265 0.0 248000
1695871014822 0.0 252000
1695871087099 0.0 256000
1695871159288 0.0 260000
1695871231708 0.0 264000
1695871304360 0.0 268000
