1695866460260 0.0 4000
1695866539203 0.0 8000
1695866617909 0.0 12000
1695866696132 0.0 16000
1695866774316 0.0 20000
1695866852804 0.0 24000
1695866931615 0.0 28000
1695867010482 0.0 32000
1695867088998 0.0 36000
1695867167898 0.0 40000
1695867246571 0.0 44000
1695867324905 0.0 48000
1695867398808 0.0 52000
1695867471291 0.0 56000
1695867543754 0.0 60000
1695867616320 0.0 64000
1695867688715 0.0 68000
1695867761195 0.0 72000
1695867833694 0.0 76000
1695867906011 0.0 80000
1695867978695 0.0 84000
1695868050991 0.0 88000
1695868123227 0.0 92000
1695868195439 0.0 96000
1695868267534 0.0 100000
1695868339890 0.0 104000
1695868412123 0.0 108000
1695868484300 0.0 112000
1695868556615 0.0 116000
1695868628882 0.0 120000
1695868701604 0.0 124000
1695868773943 0.0 128000
1695868846324 0.0 132000
1695868918355 0.0 136000
1695868990673 0.0 140000
1695869062775 0.0 144000
1695869135009 0.0 148000
1695869207434 0.0 152000
1695869279523 0.0 156000
1695869351771 0.0 160000
1695869424186 0.0 164000
1695869496392 0.0 168000
1695869568810 0.0 172000
1695869641091 0.0 176000
1695869713320 0.0 180000
1695869785805 0.0 184000
1695869858503 0.0 188000
1695869931184 0.0 192000
1695870003522 0.0 196000
1695870076047 0.0 200000
1695870148279 0.0 204000
1695870220403 0.0 208000
1695870291209 0.0 212000
1695870362956 0.0 216000
1695870434880 0.0 220000
1695870507406 0.0 224000
1695870580514 0.0 228000
1695870652990 0.0 232000
1695870725360 0.0 236000
1695870797507 0.0 240000
1695870869820 0.0 244000
1695870942263 0.0 248000
1695871014820 0.0 252000
1695871087097 0.0 256000
1695871159286 0.0 260000
1695871231706 0.0 264000
1695871304358 0.0 268000
