1695866460261 0.0 4000
1695866539204 0.0 8000
1695866617910 0.0 12000
1695866696133 0.0 16000
1695866774316 0.0 20000
1695866852805 0.0 24000
1695866931616 0.0 28000
1695867010482 0.0 32000
1695867088999 0.0 36000
1695867167899 0.0 40000
1695867246571 0.0 44000
1695867324905 0.0 48000
1695867398809 0.0 52000
1695867471292 0.0 56000
1695867543755 0.0 60000
1695867616321 0.0 64000
1695867688715 0.0 68000
1695867761196 0.0 72000
1695867833694 0.0 76000
1695867906012 0.0 80000
1695867978696 0.0 84000
1695868050991 0.0 88000
1695868123228 0.0 92000
1695868195439 0.0 96000
1695868267535 0.0 100000
1695868339891 0.0 104000
1695868412123 0.0 108000
1695868484301 0.0 112000
1695868556616 0.0 116000
1695868628882 0.0 120000
1695868701605 0.0 124000
1695868773944 0.0 128000
1695868846325 0.0 132000
1695868918355 0.0 136000
1695868990674 0.0 140000
1695869062776 0.0 144000
1695869135010 0.0 148000
1695869207435 0.0 152000
1695869279524 0.0 156000
1695869351772 0.0 160000
1695869424186 0.0 164000
1695869496393 0.0 168000
1695869568810 0.0 172000
1695869641092 0.0 176000
1695869713320 0.0 180000
1695869785805 0.0 184000
1695869858504 0.0 188000
1695869931184 0.0 192000
1695870003523 0.0 196000
1695870076048 0.0 200000
1695870148279 0.0 204000
1695870220404 0.0 208000
1695870291209 0.0 212000
1695870362957 0.0 216000
1695870434880 0.0 220000
1695870507406 0.0 224000
1695870580515 0.0 228000
1695870652990 0.0 232000
1695870725360 0.0 236000
1695870797508 0.0 240000
1695870869821 0.0 244000
1695870942264 0.0 248000
1695871014821 0.0 252000
1695871087098 0.0 256000
1695871159286 0.0 260000
1695871231706 0.0 264000
1695871304359 0.0 268000
