1695866460262 1.0 4000
1695866539204 1.0 8000
1695866617910 1.0 12000
1695866696134 1.0 16000
1695866774317 1.0 20000
1695866852805 1.0 24000
1695866931616 1.0 28000
1695867010483 1.0 32000
1695867088999 1.0 36000
1695867167899 1.0 40000
1695867246572 1.0 44000
1695867324906 1.0 48000
1695867398810 1.0 52000
1695867471292 1.0 56000
1695867543755 1.0 60000
1695867616321 1.0 64000
1695867688716 1.0 68000
1695867761196 1.0 72000
1695867833695 1.0 76000
1695867906013 1.0 80000
1695867978696 1.0 84000
1695868050992 1.0 88000
1695868123229 1.0 92000
1695868195440 1.0 96000
1695868267535 1.0 100000
1695868339891 1.0 104000
1695868412124 1.0 108000
1695868484302 1.0 112000
1695868556617 1.0 116000
1695868628883 1.0 120000
1695868701605 1.0 124000
1695868773944 1.0 128000
1695868846326 1.0 132000
1695868918356 1.0 136000
1695868990674 1.0 140000
1695869062777 1.0 144000
1695869135010 1.0 148000
1695869207435 1.0 152000
1695869279525 1.0 156000
1695869351772 1.0 160000
1695869424187 1.0 164000
1695869496393 1.0 168000
1695869568811 1.0 172000
1695869641093 1.0 176000
1695869713321 1.0 180000
1695869785806 1.0 184000
1695869858504 1.0 188000
1695869931185 1.0 192000
1695870003523 1.0 196000
1695870076048 1.0 200000
1695870148280 1.0 204000
1695870220405 1.0 208000
1695870291210 1.0 212000
1695870362957 1.0 216000
1695870434881 1.0 220000
1695870507407 1.0 224000
1695870580515 1.0 228000
1695870652991 1.0 232000
1695870725361 1.0 236000
1695870797509 1.0 240000
1695870869821 1.0 244000
1695870942264 1.0 248000
1695871014822 1.0 252000
1695871087098 1.0 256000
1695871159287 1.0 260000
1695871231707 1.0 264000
1695871304360 1.0 268000
