1695866460234 0.0 4000
1695866539186 0.0 8000
1695866617888 0.0 12000
1695866696114 0.0 16000
1695866774298 0.0 20000
1695866852783 0.0 24000
1695866931598 0.0 28000
1695867010462 0.0 32000
1695867088981 0.0 36000
1695867167880 0.0 40000
1695867246550 0.0 44000
1695867324884 0.0 48000
1695867398789 0.0 52000
1695867471270 0.0 56000
1695867543735 0.0 60000
1695867616300 0.0 64000
1695867688695 0.0 68000
1695867761176 0.0 72000
1695867833674 0.0 76000
1695867905993 0.0 80000
1695867978674 0.0 84000
1695868050971 0.0 88000
1695868123203 0.0 92000
1695868195416 0.0 96000
1695868267513 0.0 100000
1695868339870 0.0 104000
1695868412104 0.0 108000
1695868484282 0.0 112000
1695868556593 0.0 116000
1695868628861 0.0 120000
1695868701583 0.0 124000
1695868773922 0.0 128000
1695868846303 0.0 132000
1695868918333 0.0 136000
1695868990655 0.0 140000
1695869062755 0.0 144000
1695869134989 0.0 148000
1695869207412 0.0 152000
1695869279504 0.0 156000
1695869351750 0.0 160000
1695869424165 0.0 164000
1695869496372 0.0 168000
1695869568789 0.0 172000
1695869641071 0.0 176000
1695869713299 0.0 180000
1695869785785 0.0 184000
1695869858483 0.0 188000
1695869931164 0.0 192000
1695870003502 0.0 196000
1695870076027 0.0 200000
1695870148260 0.0 204000
1695870220383 0.0 208000
1695870291187 0.0 212000
1695870362939 0.0 216000
1695870434859 0.0 220000
1695870507385 0.0 224000
1695870580492 0.0 228000
1695870652968 0.0 232000
1695870725338 0.0 236000
1695870797486 0.0 240000
1695870869799 0.0 244000
1695870942243 0.0 248000
1695871014802 0.0 252000
1695871087079 0.0 256000
1695871159264 0.0 260000
1695871231686 0.0 264000
1695871304336 0.0 268000
