1695866460259 0.0 4000
1695866539203 0.0 8000
1695866617908 0.0 12000
1695866696131 0.0 16000
1695866774315 0.0 20000
1695866852803 0.0 24000
1695866931614 0.0 28000
1695867010481 0.0 32000
1695867088997 0.0 36000
1695867167897 0.0 40000
1695867246570 0.0 44000
1695867324904 0.0 48000
1695867398807 0.0 52000
1695867471290 0.0 56000
1695867543753 0.0 60000
1695867616319 0.0 64000
1695867688714 0.0 68000
1695867761194 0.0 72000
1695867833693 0.0 76000
1695867906010 0.0 80000
1695867978694 0.0 84000
1695868050990 0.0 88000
1695868123226 0.0 92000
1695868195437 0.0 96000
1695868267533 0.0 100000
1695868339889 0.0 104000
1695868412121 0.0 108000
1695868484299 0.0 112000
1695868556614 0.0 116000
1695868628880 0.0 120000
1695868701603 0.0 124000
1695868773942 0.0 128000
1695868846323 0.0 132000
1695868918354 0.0 136000
1695868990672 0.0 140000
1695869062774 0.0 144000
1695869135008 0.0 148000
1695869207433 0.0 152000
1695869279522 0.0 156000
1695869351770 0.0 160000
1695869424185 0.0 164000
1695869496391 0.0 168000
1695869568809 0.0 172000
1695869641090 0.0 176000
1695869713319 0.0 180000
1695869785804 0.0 184000
1695869858502 0.0 188000
1695869931183 0.0 192000
1695870003521 0.0 196000
1695870076046 0.0 200000
1695870148278 0.0 204000
1695870220402 0.0 208000
1695870291207 0.0 212000
1695870362955 0.0 216000
1695870434879 0.0 220000
1695870507404 0.0 224000
1695870580513 0.0 228000
1695870652989 0.0 232000
1695870725358 0.0 236000
1695870797506 0.0 240000
1695870869819 0.0 244000
1695870942262 0.0 248000
1695871014819 0.0 252000
1695871087096 0.0 256000
1695871159285 0.0 260000
1695871231705 0.0 264000
1695871304357 0.0 268000
