1695866460212 0.0 4000
1695866539171 0.0 8000
1695866617871 0.0 12000
1695866696102 0.0 16000
1695866774285 0.0 20000
1695866852770 0.0 24000
1695866931585 0.0 28000
1695867010449 0.0 32000
1695867088969 0.0 36000
1695867167868 0.0 40000
1695867246537 0.0 44000
1695867324871 0.0 48000
1695867398777 0.0 52000
1695867471256 0.0 56000
1695867543723 0.0 60000
1695867616288 0.0 64000
1695867688680 0.0 68000
1695867761161 0.0 72000
1695867833660 0.0 76000
1695867905981 0.0 80000
1695867978659 0.0 84000
1695868050958 0.0 88000
1695868123187 0.0 92000
1695868195402 0.0 96000
1695868267499 0.0 100000
1695868339857 0.0 104000
1695868412091 0.0 108000
1695868484269 0.0 112000
1695868556578 0.0 116000
1695868628848 0.0 120000
1695868701570 0.0 124000
1695868773909 0.0 128000
1695868846287 0.0 132000
1695868918318 0.0 136000
1695868990643 0.0 140000
1695869062742 0.0 144000
1695869134974 0.0 148000
1695869207398 0.0 152000
1695869279492 0.0 156000
1695869351735 0.0 160000
1695869424152 0.0 164000
1695869496357 0.0 168000
1695869568775 0.0 172000
1695869641057 0.0 176000
1695869713283 0.0 180000
1695869785769 0.0 184000
1695869858467 0.0 188000
1695869931148 0.0 192000
1695870003486 0.0 196000
1695870076011 0.0 200000
1695870148246 0.0 204000
1695870220370 0.0 208000
1695870291172 0.0 212000
1695870362925 0.0 216000
1695870434845 0.0 220000
1695870507369 0.0 224000
1695870580477 0.0 228000
1695870652953 0.0 232000
1695870725325 0.0 236000
1695870797473 0.0 240000
1695870869784 0.0 244000
1695870942228 0.0 248000
1695871014789 0.0 252000
1695871087067 0.0 256000
1695871159249 0.0 260000
1695871231671 0.0 264000
1695871304321 0.0 268000
