1695866460251 0.0 4000
1695866539197 0.0 8000
1695866617902 0.0 12000
1695866696125 0.0 16000
1695866774308 0.0 20000
1695866852796 0.0 24000
1695866931608 0.0 28000
1695867010474 0.0 32000
1695867088991 0.0 36000
1695867167891 0.0 40000
1695867246562 0.0 44000
1695867324897 0.0 48000
1695867398801 0.0 52000
1695867471283 0.0 56000
1695867543747 0.0 60000
1695867616312 0.0 64000
1695867688708 0.0 68000
1695867761188 0.0 72000
1695867833686 0.0 76000
1695867906004 0.0 80000
1695867978688 0.0 84000
1695868050983 0.0 88000
1695868123217 0.0 92000
1695868195431 0.0 96000
1695868267526 0.0 100000
1695868339882 0.0 104000
1695868412115 0.0 108000
1695868484293 0.0 112000
1695868556607 0.0 116000
1695868628874 0.0 120000
1695868701596 0.0 124000
1695868773935 0.0 128000
1695868846316 0.0 132000
1695868918347 0.0 136000
1695868990666 0.0 140000
1695869062768 0.0 144000
1695869135002 0.0 148000
1695869207425 0.0 152000
1695869279516 0.0 156000
1695869351763 0.0 160000
1695869424178 0.0 164000
1695869496385 0.0 168000
1695869568802 0.0 172000
1695869641083 0.0 176000
1695869713312 0.0 180000
1695869785798 0.0 184000
1695869858496 0.0 188000
1695869931176 0.0 192000
1695870003514 0.0 196000
1695870076040 0.0 200000
1695870148272 0.0 204000
1695870220396 0.0 208000
1695870291200 0.0 212000
1695870362949 0.0 216000
1695870434872 0.0 220000
1695870507398 0.0 224000
1695870580506 0.0 228000
1695870652981 0.0 232000
1695870725351 0.0 236000
1695870797499 0.0 240000
1695870869812 0.0 244000
1695870942256 0.0 248000
1695871014813 0.0 252000
1695871087091 0.0 256000
1695871159278 0.0 260000
1695871231698 0.0 264000
1695871304350 0.0 268000
