1695866460271 0.3 4000
1695866539211 0.3 8000
1695866617917 0.3 12000
1695866696142 0.3 16000
1695866774324 0.3 20000
1695866852814 0.3 24000
1695866931624 0.3 28000
1695867010492 0.3 32000
1695867089007 0.3 36000
1695867167907 0.3 40000
1695867246580 0.3 44000
1695867324914 0.3 48000
1695867398818 0.3 52000
1695867471301 0.3 56000
1695867543764 0.3 60000
1695867616329 0.3 64000
1695867688722 0.3 68000
1695867761203 0.3 72000
1695867833703 0.3 76000
1695867906020 0.3 80000
1695867978704 0.3 84000
1695868051000 0.3 88000
1695868123237 0.3 92000
1695868195447 0.3 96000
1695868267543 0.3 100000
1695868339899 0.3 104000
1695868412132 0.3 108000
1695868484309 0.3 112000
1695868556624 0.3 116000
1695868628891 0.3 120000
1695868701613 0.3 124000
1695868773952 0.3 128000
1695868846333 0.3 132000
1695868918364 0.3 136000
1695868990682 0.3 140000
1695869062785 0.3 144000
1695869135018 0.3 148000
1695869207444 0.3 152000
1695869279533 0.3 156000
1695869351780 0.3 160000
1695869424195 0.3 164000
1695869496400 0.3 168000
1695869568819 0.3 172000
1695869641102 0.3 176000
1695869713328 0.3 180000
1695869785814 0.3 184000
1695869858512 0.3 188000
1695869931192 0.3 192000
1695870003531 0.3 196000
1695870076056 0.3 200000
1695870148287 0.3 204000
1695870220412 0.3 208000
1695870291217 0.3 212000
1695870362964 0.3 216000
1695870434888 0.3 220000
1695870507414 0.3 224000
1695870580523 0.3 228000
1695870653000 0.3 232000
1695870725369 0.3 236000
1695870797516 0.3 240000
1695870869829 0.3 244000
1695870942272 0.3 248000
1695871014829 0.3 252000
1695871087106 0.3 256000
1695871159294 0.3 260000
1695871231715 0.3 264000
1695871304367 0.3 268000
