1695866460219 0.0 4000
1695866539176 0.0 8000
1695866617876 0.0 12000
1695866696106 0.0 16000
1695866774290 0.0 20000
1695866852775 0.0 24000
1695866931590 0.0 28000
1695867010453 0.0 32000
1695867088973 0.0 36000
1695867167872 0.0 40000
1695867246541 0.0 44000
1695867324876 0.0 48000
1695867398781 0.0 52000
1695867471261 0.0 56000
1695867543727 0.0 60000
1695867616292 0.0 64000
1695867688685 0.0 68000
1695867761166 0.0 72000
1695867833665 0.0 76000
1695867905985 0.0 80000
1695867978664 0.0 84000
1695868050962 0.0 88000
1695868123193 0.0 92000
1695868195407 0.0 96000
1695868267504 0.0 100000
1695868339861 0.0 104000
1695868412095 0.0 108000
1695868484274 0.0 112000
1695868556583 0.0 116000
1695868628852 0.0 120000
1695868701574 0.0 124000
1695868773913 0.0 128000
1695868846293 0.0 132000
1695868918323 0.0 136000
1695868990647 0.0 140000
1695869062746 0.0 144000
1695869134979 0.0 148000
1695869207403 0.0 152000
1695869279496 0.0 156000
1695869351740 0.0 160000
1695869424156 0.0 164000
1695869496362 0.0 168000
1695869568779 0.0 172000
1695869641062 0.0 176000
1695869713288 0.0 180000
1695869785775 0.0 184000
1695869858472 0.0 188000
1695869931153 0.0 192000
1695870003492 0.0 196000
1695870076016 0.0 200000
1695870148250 0.0 204000
1695870220375 0.0 208000
1695870291177 0.0 212000
1695870362930 0.0 216000
1695870434850 0.0 220000
1695870507374 0.0 224000
1695870580482 0.0 228000
1695870652958 0.0 232000
1695870725330 0.0 236000
1695870797478 0.0 240000
1695870869789 0.0 244000
1695870942233 0.0 248000
1695871014794 0.0 252000
1695871087071 0.0 256000
1695871159254 0.0 260000
1695871231676 0.0 264000
1695871304327 0.0 268000
