1695866460229 0.0 4000
1695866539182 0.0 8000
1695866617883 0.0 12000
1695866696111 0.0 16000
1695866774295 0.0 20000
1695866852781 0.0 24000
1695866931595 0.0 28000
1695867010459 0.0 32000
1695867088978 0.0 36000
1695867167877 0.0 40000
1695867246547 0.0 44000
1695867324881 0.0 48000
1695867398787 0.0 52000
1695867471267 0.0 56000
1695867543733 0.0 60000
1695867616297 0.0 64000
1695867688692 0.0 68000
1695867761173 0.0 72000
1695867833671 0.0 76000
1695867905991 0.0 80000
1695867978671 0.0 84000
1695868050968 0.0 88000
1695868123200 0.0 92000
1695868195413 0.0 96000
1695868267510 0.0 100000
1695868339867 0.0 104000
1695868412101 0.0 108000
1695868484279 0.0 112000
1695868556590 0.0 116000
1695868628858 0.0 120000
1695868701580 0.0 124000
1695868773919 0.0 128000
1695868846299 0.0 132000
1695868918330 0.0 136000
1695868990652 0.0 140000
1695869062752 0.0 144000
1695869134986 0.0 148000
1695869207409 0.0 152000
1695869279502 0.0 156000
1695869351746 0.0 160000
1695869424162 0.0 164000
1695869496368 0.0 168000
1695869568785 0.0 172000
1695869641068 0.0 176000
1695869713295 0.0 180000
1695869785782 0.0 184000
1695869858479 0.0 188000
1695869931160 0.0 192000
1695870003499 0.0 196000
1695870076023 0.0 200000
1695870148256 0.0 204000
1695870220380 0.0 208000
1695870291183 0.0 212000
1695870362936 0.0 216000
1695870434856 0.0 220000
1695870507382 0.0 224000
1695870580488 0.0 228000
1695870652964 0.0 232000
1695870725335 0.0 236000
1695870797483 0.0 240000
1695870869795 0.0 244000
1695870942239 0.0 248000
1695871014799 0.0 252000
1695871087076 0.0 256000
1695871159261 0.0 260000
1695871231683 0.0 264000
1695871304333 0.0 268000
