1695866460275 0.0 4000
1695866539214 0.0 8000
1695866617920 0.0 12000
1695866696144 0.0 16000
1695866774327 0.0 20000
1695866852816 0.0 24000
1695866931627 0.0 28000
1695867010495 0.0 32000
1695867089010 0.0 36000
1695867167910 0.0 40000
1695867246583 0.0 44000
1695867324917 0.0 48000
1695867398821 0.0 52000
1695867471304 0.0 56000
1695867543766 0.0 60000
1695867616332 0.0 64000
1695867688725 0.0 68000
1695867761205 0.0 72000
1695867833705 0.0 76000
1695867906023 0.0 80000
1695867978706 0.0 84000
1695868051003 0.0 88000
1695868123240 0.0 92000
1695868195450 0.0 96000
1695868267546 0.0 100000
1695868339902 0.0 104000
1695868412135 0.0 108000
1695868484312 0.0 112000
1695868556626 0.0 116000
1695868628894 0.0 120000
1695868701616 0.0 124000
1695868773955 0.0 128000
1695868846336 0.0 132000
1695868918367 0.0 136000
1695868990685 0.0 140000
1695869062787 0.0 144000
1695869135021 0.0 148000
1695869207447 0.0 152000
1695869279536 0.0 156000
1695869351782 0.0 160000
1695869424198 0.0 164000
1695869496402 0.0 168000
1695869568823 0.0 172000
1695869641105 0.0 176000
1695869713331 0.0 180000
1695869785816 0.0 184000
1695869858514 0.0 188000
1695869931195 0.0 192000
1695870003534 0.0 196000
1695870076058 0.0 200000
1695870148290 0.0 204000
1695870220415 0.0 208000
1695870291219 0.0 212000
1695870362967 0.0 216000
1695870434891 0.0 220000
1695870507416 0.0 224000
1695870580525 0.0 228000
1695870653002 0.0 232000
1695870725372 0.0 236000
1695870797519 0.0 240000
1695870869832 0.0 244000
1695870942274 0.0 248000
1695871014832 0.0 252000
1695871087109 0.0 256000
1695871159297 0.0 260000
1695871231718 0.0 264000
1695871304369 0.0 268000
