1695866460256 60.0 4000
1695866539200 60.0 8000
1695866617905 60.0 12000
1695866696128 60.0 16000
1695866774312 60.0 20000
1695866852800 60.0 24000
1695866931612 60.0 28000
1695867010478 60.0 32000
1695867088995 60.0 36000
1695867167894 60.0 40000
1695867246566 60.0 44000
1695867324901 60.0 48000
1695867398805 60.0 52000
1695867471287 60.0 56000
1695867543750 60.0 60000
1695867616316 60.0 64000
1695867688711 60.0 68000
1695867761192 60.0 72000
1695867833690 60.0 76000
1695867906008 60.0 80000
1695867978692 60.0 84000
1695868050987 60.0 88000
1695868123223 60.0 92000
1695868195435 60.0 96000
1695868267530 60.0 100000
1695868339886 60.0 104000
1695868412119 60.0 108000
1695868484297 60.0 112000
1695868556611 60.0 116000
1695868628878 60.0 120000
1695868701600 60.0 124000
1695868773939 60.0 128000
1695868846320 60.0 132000
1695868918351 60.0 136000
1695868990670 60.0 140000
1695869062772 60.0 144000
1695869135006 60.0 148000
1695869207429 60.0 152000
1695869279520 60.0 156000
1695869351767 60.0 160000
1695869424182 60.0 164000
1695869496389 60.0 168000
1695869568806 60.0 172000
1695869641087 60.0 176000
1695869713316 60.0 180000
1695869785801 60.0 184000
1695869858500 60.0 188000
1695869931180 60.0 192000
1695870003518 60.0 196000
1695870076043 60.0 200000
1695870148275 60.0 204000
1695870220400 60.0 208000
1695870291205 60.0 212000
1695870362953 60.0 216000
1695870434876 60.0 220000
1695870507402 60.0 224000
1695870580510 60.0 228000
1695870652986 60.0 232000
1695870725356 60.0 236000
1695870797503 60.0 240000
1695870869816 60.0 244000
1695870942259 60.0 248000
1695871014817 60.0 252000
1695871087094 60.0 256000
1695871159282 60.0 260000
1695871231702 60.0 264000
1695871304354 60.0 268000
