1695866460220 0.0 4000
1695866539177 0.0 8000
1695866617877 0.0 12000
1695866696106 0.0 16000
1695866774290 0.0 20000
1695866852776 0.0 24000
1695866931590 0.0 28000
1695867010454 0.0 32000
1695867088973 0.0 36000
1695867167873 0.0 40000
1695867246542 0.0 44000
1695867324877 0.0 48000
1695867398782 0.0 52000
1695867471262 0.0 56000
1695867543728 0.0 60000
1695867616292 0.0 64000
1695867688686 0.0 68000
1695867761167 0.0 72000
1695867833665 0.0 76000
1695867905986 0.0 80000
1695867978665 0.0 84000
1695868050963 0.0 88000
1695868123193 0.0 92000
1695868195407 0.0 96000
1695868267505 0.0 100000
1695868339862 0.0 104000
1695868412096 0.0 108000
1695868484274 0.0 112000
1695868556584 0.0 116000
1695868628853 0.0 120000
1695868701575 0.0 124000
1695868773914 0.0 128000
1695868846293 0.0 132000
1695868918324 0.0 136000
1695868990648 0.0 140000
1695869062747 0.0 144000
1695869134980 0.0 148000
1695869207403 0.0 152000
1695869279497 0.0 156000
1695869351741 0.0 160000
1695869424157 0.0 164000
1695869496363 0.0 168000
1695869568780 0.0 172000
1695869641062 0.0 176000
1695869713289 0.0 180000
1695869785775 0.0 184000
1695869858473 0.0 188000
1695869931154 0.0 192000
1695870003492 0.0 196000
1695870076016 0.0 200000
1695870148251 0.0 204000
1695870220375 0.0 208000
1695870291177 0.0 212000
1695870362931 0.0 216000
1695870434850 0.0 220000
1695870507375 0.0 224000
1695870580482 0.0 228000
1695870652959 0.0 232000
1695870725330 0.0 236000
1695870797478 0.0 240000
1695870869790 0.0 244000
1695870942234 0.0 248000
1695871014794 0.0 252000
1695871087072 0.0 256000
1695871159255 0.0 260000
1695871231677 0.0 264000
1695871304327 0.0 268000
