1695866460217 20.0 4000
1695866539174 20.0 8000
1695866617875 20.0 12000
1695866696105 20.0 16000
1695866774288 20.0 20000
1695866852773 20.0 24000
1695866931589 20.0 28000
1695867010452 20.0 32000
1695867088972 20.0 36000
1695867167871 20.0 40000
1695867246540 20.0 44000
1695867324874 20.0 48000
1695867398780 20.0 52000
1695867471259 20.0 56000
1695867543726 20.0 60000
1695867616290 20.0 64000
1695867688684 20.0 68000
1695867761164 20.0 72000
1695867833663 20.0 76000
1695867905984 20.0 80000
1695867978663 20.0 84000
1695868050961 20.0 88000
1695868123191 20.0 92000
1695868195405 20.0 96000
1695868267503 20.0 100000
1695868339860 20.0 104000
1695868412094 20.0 108000
1695868484272 20.0 112000
1695868556581 20.0 116000
1695868628851 20.0 120000
1695868701573 20.0 124000
1695868773912 20.0 128000
1695868846291 20.0 132000
1695868918322 20.0 136000
1695868990646 20.0 140000
1695869062745 20.0 144000
1695869134978 20.0 148000
1695869207401 20.0 152000
1695869279495 20.0 156000
1695869351738 20.0 160000
1695869424155 20.0 164000
1695869496360 20.0 168000
1695869568778 20.0 172000
1695869641060 20.0 176000
1695869713287 20.0 180000
1695869785773 20.0 184000
1695869858471 20.0 188000
1695869931151 20.0 192000
1695870003490 20.0 196000
1695870076014 20.0 200000
1695870148249 20.0 204000
1695870220373 20.0 208000
1695870291175 20.0 212000
1695870362929 20.0 216000
1695870434848 20.0 220000
1695870507372 20.0 224000
1695870580480 20.0 228000
1695870652956 20.0 232000
1695870725328 20.0 236000
1695870797476 20.0 240000
1695870869787 20.0 244000
1695870942232 20.0 248000
1695871014792 20.0 252000
1695871087070 20.0 256000
1695871159252 20.0 260000
1695871231675 20.0 264000
1695871304324 20.0 268000
