1695866460225 1.0 4000
1695866539179 1.0 8000
1695866617880 1.0 12000
1695866696109 1.0 16000
1695866774293 1.0 20000
1695866852778 1.0 24000
1695866931593 1.0 28000
1695867010456 1.0 32000
1695867088976 1.0 36000
1695867167875 1.0 40000
1695867246544 1.0 44000
1695867324879 1.0 48000
1695867398784 1.0 52000
1695867471264 1.0 56000
1695867543730 1.0 60000
1695867616295 1.0 64000
1695867688689 1.0 68000
1695867761170 1.0 72000
1695867833668 1.0 76000
1695867905988 1.0 80000
1695867978668 1.0 84000
1695868050965 1.0 88000
1695868123197 1.0 92000
1695868195410 1.0 96000
1695868267507 1.0 100000
1695868339864 1.0 104000
1695868412098 1.0 108000
1695868484276 1.0 112000
1695868556586 1.0 116000
1695868628855 1.0 120000
1695868701577 1.0 124000
1695868773917 1.0 128000
1695868846296 1.0 132000
1695868918327 1.0 136000
1695868990650 1.0 140000
1695869062749 1.0 144000
1695869134983 1.0 148000
1695869207406 1.0 152000
1695869279499 1.0 156000
1695869351744 1.0 160000
1695869424160 1.0 164000
1695869496366 1.0 168000
1695869568782 1.0 172000
1695869641065 1.0 176000
1695869713292 1.0 180000
1695869785779 1.0 184000
1695869858476 1.0 188000
1695869931157 1.0 192000
1695870003496 1.0 196000
1695870076020 1.0 200000
1695870148254 1.0 204000
1695870220378 1.0 208000
1695870291181 1.0 212000
1695870362933 1.0 216000
1695870434853 1.0 220000
1695870507378 1.0 224000
1695870580485 1.0 228000
1695870652962 1.0 232000
1695870725333 1.0 236000
1695870797481 1.0 240000
1695870869792 1.0 244000
1695870942237 1.0 248000
1695871014797 1.0 252000
1695871087074 1.0 256000
1695871159258 1.0 260000
1695871231680 1.0 264000
1695871304330 1.0 268000
