1695866460271 0.0 4000
1695866539211 0.0 8000
1695866617917 0.0 12000
1695866696141 0.0 16000
1695866774324 0.0 20000
1695866852813 0.0 24000
1695866931623 0.0 28000
1695867010491 0.0 32000
1695867089006 0.0 36000
1695867167906 0.0 40000
1695867246579 0.0 44000
1695867324913 0.0 48000
1695867398817 0.0 52000
1695867471300 0.0 56000
1695867543763 0.0 60000
1695867616329 0.0 64000
1695867688722 0.0 68000
1695867761202 0.0 72000
1695867833702 0.0 76000
1695867906019 0.0 80000
1695867978703 0.0 84000
1695868050999 0.0 88000
1695868123237 0.0 92000
1695868195447 0.0 96000
1695868267543 0.0 100000
1695868339898 0.0 104000
1695868412132 0.0 108000
1695868484309 0.0 112000
1695868556623 0.0 116000
1695868628890 0.0 120000
1695868701612 0.0 124000
1695868773952 0.0 128000
1695868846333 0.0 132000
1695868918363 0.0 136000
1695868990681 0.0 140000
1695869062784 0.0 144000
1695869135017 0.0 148000
1695869207444 0.0 152000
1695869279532 0.0 156000
1695869351779 0.0 160000
1695869424194 0.0 164000
1695869496400 0.0 168000
1695869568818 0.0 172000
1695869641101 0.0 176000
1695869713328 0.0 180000
1695869785813 0.0 184000
1695869858511 0.0 188000
1695869931192 0.0 192000
1695870003530 0.0 196000
1695870076055 0.0 200000
1695870148287 0.0 204000
1695870220412 0.0 208000
1695870291216 0.0 212000
1695870362964 0.0 216000
1695870434888 0.0 220000
1695870507413 0.0 224000
1695870580522 0.0 228000
1695870652999 0.0 232000
1695870725368 0.0 236000
1695870797516 0.0 240000
1695870869829 0.0 244000
1695870942271 0.0 248000
1695871014829 0.0 252000
1695871087106 0.0 256000
1695871159294 0.0 260000
1695871231714 0.0 264000
1695871304366 0.0 268000
