1695866460235 1.0 4000
1695866539186 1.0 8000
1695866617888 1.0 12000
1695866696114 1.0 16000
1695866774298 1.0 20000
1695866852784 1.0 24000
1695866931598 1.0 28000
1695867010463 1.0 32000
1695867088981 1.0 36000
1695867167880 1.0 40000
1695867246550 1.0 44000
1695867324885 1.0 48000
1695867398790 1.0 52000
1695867471270 1.0 56000
1695867543736 1.0 60000
1695867616301 1.0 64000
1695867688696 1.0 68000
1695867761177 1.0 72000
1695867833674 1.0 76000
1695867905994 1.0 80000
1695867978675 1.0 84000
1695868050972 1.0 88000
1695868123204 1.0 92000
1695868195417 1.0 96000
1695868267513 1.0 100000
1695868339870 1.0 104000
1695868412104 1.0 108000
1695868484282 1.0 112000
1695868556594 1.0 116000
1695868628861 1.0 120000
1695868701584 1.0 124000
1695868773923 1.0 128000
1695868846303 1.0 132000
1695868918334 1.0 136000
1695868990656 1.0 140000
1695869062755 1.0 144000
1695869134989 1.0 148000
1695869207412 1.0 152000
1695869279505 1.0 156000
1695869351750 1.0 160000
1695869424166 1.0 164000
1695869496372 1.0 168000
1695869568789 1.0 172000
1695869641072 1.0 176000
1695869713300 1.0 180000
1695869785786 1.0 184000
1695869858483 1.0 188000
1695869931164 1.0 192000
1695870003503 1.0 196000
1695870076027 1.0 200000
1695870148260 1.0 204000
1695870220384 1.0 208000
1695870291187 1.0 212000
1695870362939 1.0 216000
1695870434860 1.0 220000
1695870507386 1.0 224000
1695870580493 1.0 228000
1695870652968 1.0 232000
1695870725339 1.0 236000
1695870797487 1.0 240000
1695870869800 1.0 244000
1695870942243 1.0 248000
1695871014802 1.0 252000
1695871087080 1.0 256000
1695871159265 1.0 260000
1695871231686 1.0 264000
1695871304337 1.0 268000
