1695866460251 0.0 4000
1695866539197 0.0 8000
1695866617901 0.0 12000
1695866696124 0.0 16000
1695866774308 0.0 20000
1695866852796 0.0 24000
1695866931608 0.0 28000
1695867010473 0.0 32000
1695867088991 0.0 36000
1695867167890 0.0 40000
1695867246562 0.0 44000
1695867324896 0.0 48000
1695867398800 0.0 52000
1695867471282 0.0 56000
1695867543746 0.0 60000
1695867616312 0.0 64000
1695867688707 0.0 68000
1695867761188 0.0 72000
1695867833686 0.0 76000
1695867906004 0.0 80000
1695867978687 0.0 84000
1695868050982 0.0 88000
1695868123217 0.0 92000
1695868195430 0.0 96000
1695868267525 0.0 100000
1695868339881 0.0 104000
1695868412115 0.0 108000
1695868484292 0.0 112000
1695868556606 0.0 116000
1695868628873 0.0 120000
1695868701595 0.0 124000
1695868773935 0.0 128000
1695868846315 0.0 132000
1695868918346 0.0 136000
1695868990666 0.0 140000
1695869062767 0.0 144000
1695869135001 0.0 148000
1695869207424 0.0 152000
1695869279516 0.0 156000
1695869351763 0.0 160000
1695869424177 0.0 164000
1695869496384 0.0 168000
1695869568802 0.0 172000
1695869641083 0.0 176000
1695869713312 0.0 180000
1695869785797 0.0 184000
1695869858495 0.0 188000
1695869931176 0.0 192000
1695870003514 0.0 196000
1695870076039 0.0 200000
1695870148271 0.0 204000
1695870220395 0.0 208000
1695870291200 0.0 212000
1695870362949 0.0 216000
1695870434872 0.0 220000
1695870507397 0.0 224000
1695870580505 0.0 228000
1695870652980 0.0 232000
1695870725351 0.0 236000
1695870797498 0.0 240000
1695870869811 0.0 244000
1695870942255 0.0 248000
1695871014813 0.0 252000
1695871087090 0.0 256000
1695871159278 0.0 260000
1695871231698 0.0 264000
1695871304349 0.0 268000
