1695866460253 0.0 4000
1695866539198 0.0 8000
1695866617903 0.0 12000
1695866696126 0.0 16000
1695866774309 0.0 20000
1695866852797 0.0 24000
1695866931609 0.0 28000
1695867010475 0.0 32000
1695867088992 0.0 36000
1695867167892 0.0 40000
1695867246563 0.0 44000
1695867324898 0.0 48000
1695867398802 0.0 52000
1695867471284 0.0 56000
1695867543748 0.0 60000
1695867616313 0.0 64000
1695867688709 0.0 68000
1695867761189 0.0 72000
1695867833687 0.0 76000
1695867906005 0.0 80000
1695867978689 0.0 84000
1695868050984 0.0 88000
1695868123219 0.0 92000
1695868195432 0.0 96000
1695868267527 0.0 100000
1695868339883 0.0 104000
1695868412116 0.0 108000
1695868484294 0.0 112000
1695868556608 0.0 116000
1695868628875 0.0 120000
1695868701597 0.0 124000
1695868773936 0.0 128000
1695868846317 0.0 132000
1695868918348 0.0 136000
1695868990667 0.0 140000
1695869062769 0.0 144000
1695869135003 0.0 148000
1695869207426 0.0 152000
1695869279517 0.0 156000
1695869351764 0.0 160000
1695869424179 0.0 164000
1695869496386 0.0 168000
1695869568803 0.0 172000
1695869641084 0.0 176000
1695869713313 0.0 180000
1695869785799 0.0 184000
1695869858497 0.0 188000
1695869931177 0.0 192000
1695870003516 0.0 196000
1695870076041 0.0 200000
1695870148273 0.0 204000
1695870220397 0.0 208000
1695870291202 0.0 212000
1695870362950 0.0 216000
1695870434874 0.0 220000
1695870507399 0.0 224000
1695870580507 0.0 228000
1695870652982 0.0 232000
1695870725353 0.0 236000
1695870797500 0.0 240000
1695870869813 0.0 244000
1695870942257 0.0 248000
1695871014814 0.0 252000
1695871087091 0.0 256000
1695871159279 0.0 260000
1695871231699 0.0 264000
1695871304351 0.0 268000
