1695866460231 0.99 4000
1695866539183 0.99 8000
1695866617885 0.99 12000
1695866696112 0.99 16000
1695866774296 0.99 20000
1695866852782 0.99 24000
1695866931596 0.99 28000
1695867010460 0.99 32000
1695867088979 0.99 36000
1695867167878 0.99 40000
1695867246547 0.99 44000
1695867324882 0.99 48000
1695867398788 0.99 52000
1695867471268 0.99 56000
1695867543734 0.99 60000
1695867616298 0.99 64000
1695867688693 0.99 68000
1695867761174 0.99 72000
1695867833672 0.99 76000
1695867905992 0.99 80000
1695867978672 0.99 84000
1695868050969 0.99 88000
1695868123201 0.99 92000
1695868195414 0.99 96000
1695868267511 0.99 100000
1695868339868 0.99 104000
1695868412102 0.99 108000
1695868484280 0.99 112000
1695868556591 0.99 116000
1695868628859 0.99 120000
1695868701581 0.99 124000
1695868773920 0.99 128000
1695868846300 0.99 132000
1695868918331 0.99 136000
1695868990653 0.99 140000
1695869062753 0.99 144000
1695869134987 0.99 148000
1695869207410 0.99 152000
1695869279503 0.99 156000
1695869351748 0.99 160000
1695869424163 0.99 164000
1695869496369 0.99 168000
1695869568786 0.99 172000
1695869641069 0.99 176000
1695869713296 0.99 180000
1695869785783 0.99 184000
1695869858480 0.99 188000
1695869931161 0.99 192000
1695870003500 0.99 196000
1695870076024 0.99 200000
1695870148258 0.99 204000
1695870220381 0.99 208000
1695870291185 0.99 212000
1695870362937 0.99 216000
1695870434857 0.99 220000
1695870507383 0.99 224000
1695870580489 0.99 228000
1695870652965 0.99 232000
1695870725336 0.99 236000
1695870797484 0.99 240000
1695870869796 0.99 244000
1695870942240 0.99 248000
1695871014800 0.99 252000
1695871087077 0.99 256000
1695871159262 0.99 260000
1695871231684 0.99 264000
1695871304334 0.99 268000
