1695866460264 -1.0 4000
1695866539206 -1.0 8000
1695866617912 -1.0 12000
1695866696135 -1.0 16000
1695866774318 -1.0 20000
1695866852807 -1.0 24000
1695866931618 -1.0 28000
1695867010485 -1.0 32000
1695867089001 -1.0 36000
1695867167901 -1.0 40000
1695867246574 -1.0 44000
1695867324908 -1.0 48000
1695867398811 -1.0 52000
1695867471294 -1.0 56000
1695867543757 -1.0 60000
1695867616323 -1.0 64000
1695867688717 -1.0 68000
1695867761198 -1.0 72000
1695867833696 -1.0 76000
1695867906014 -1.0 80000
1695867978698 -1.0 84000
1695868050993 -1.0 88000
1695868123231 -1.0 92000
1695868195441 -1.0 96000
1695868267537 -1.0 100000
1695868339893 -1.0 104000
1695868412126 -1.0 108000
1695868484303 -1.0 112000
1695868556618 -1.0 116000
1695868628885 -1.0 120000
1695868701607 -1.0 124000
1695868773946 -1.0 128000
1695868846327 -1.0 132000
1695868918357 -1.0 136000
1695868990676 -1.0 140000
1695869062778 -1.0 144000
1695869135012 -1.0 148000
1695869207437 -1.0 152000
1695869279526 -1.0 156000
1695869351774 -1.0 160000
1695869424189 -1.0 164000
1695869496395 -1.0 168000
1695869568813 -1.0 172000
1695869641094 -1.0 176000
1695869713323 -1.0 180000
1695869785808 -1.0 184000
1695869858506 -1.0 188000
1695869931186 -1.0 192000
1695870003525 -1.0 196000
1695870076050 -1.0 200000
1695870148282 -1.0 204000
1695870220406 -1.0 208000
1695870291211 -1.0 212000
1695870362959 -1.0 216000
1695870434883 -1.0 220000
1695870507408 -1.0 224000
1695870580517 -1.0 228000
1695870652993 -1.0 232000
1695870725362 -1.0 236000
1695870797510 -1.0 240000
1695870869823 -1.0 244000
1695870942266 -1.0 248000
1695871014823 -1.0 252000
1695871087100 -1.0 256000
1695871159289 -1.0 260000
1695871231709 -1.0 264000
1695871304361 -1.0 268000
