1695866460221 0.0 4000
1695866539177 0.0 8000
1695866617878 0.0 12000
1695866696107 0.0 16000
1695866774290 0.0 20000
1695866852776 0.0 24000
1695866931591 0.0 28000
1695867010454 0.0 32000
1695867088974 0.0 36000
1695867167873 0.0 40000
1695867246542 0.0 44000
1695867324877 0.0 48000
1695867398782 0.0 52000
1695867471262 0.0 56000
1695867543728 0.0 60000
1695867616293 0.0 64000
1695867688687 0.0 68000
1695867761167 0.0 72000
1695867833666 0.0 76000
1695867905986 0.0 80000
1695867978666 0.0 84000
1695868050963 0.0 88000
1695868123194 0.0 92000
1695868195408 0.0 96000
1695868267505 0.0 100000
1695868339862 0.0 104000
1695868412096 0.0 108000
1695868484275 0.0 112000
1695868556584 0.0 116000
1695868628853 0.0 120000
1695868701575 0.0 124000
1695868773914 0.0 128000
1695868846294 0.0 132000
1695868918325 0.0 136000
1695868990648 0.0 140000
1695869062747 0.0 144000
1695869134981 0.0 148000
1695869207404 0.0 152000
1695869279497 0.0 156000
1695869351741 0.0 160000
1695869424157 0.0 164000
1695869496363 0.0 168000
1695869568780 0.0 172000
1695869641063 0.0 176000
1695869713289 0.0 180000
1695869785776 0.0 184000
1695869858473 0.0 188000
1695869931154 0.0 192000
1695870003493 0.0 196000
1695870076017 0.0 200000
1695870148252 0.0 204000
1695870220376 0.0 208000
1695870291178 0.0 212000
1695870362931 0.0 216000
1695870434851 0.0 220000
1695870507376 0.0 224000
1695870580483 0.0 228000
1695870652959 0.0 232000
1695870725331 0.0 236000
1695870797479 0.0 240000
1695870869790 0.0 244000
1695870942234 0.0 248000
1695871014795 0.0 252000
1695871087072 0.0 256000
1695871159256 0.0 260000
1695871231677 0.0 264000
1695871304328 0.0 268000
