1695866460247 0.0 4000
1695866539194 0.0 8000
1695866617898 0.0 12000
1695866696122 0.0 16000
1695866774306 0.0 20000
1695866852793 0.0 24000
1695866931605 0.0 28000
1695867010470 0.0 32000
1695867088988 0.0 36000
1695867167888 0.0 40000
1695867246559 0.0 44000
1695867324893 0.0 48000
1695867398798 0.0 52000
1695867471279 0.0 56000
1695867543743 0.0 60000
1695867616309 0.0 64000
1695867688705 0.0 68000
1695867761185 0.0 72000
1695867833683 0.0 76000
1695867906001 0.0 80000
1695867978684 0.0 84000
1695868050980 0.0 88000
1695868123214 0.0 92000
1695868195426 0.0 96000
1695868267522 0.0 100000
1695868339879 0.0 104000
1695868412112 0.0 108000
1695868484290 0.0 112000
1695868556603 0.0 116000
1695868628870 0.0 120000
1695868701593 0.0 124000
1695868773932 0.0 128000
1695868846312 0.0 132000
1695868918343 0.0 136000
1695868990663 0.0 140000
1695869062764 0.0 144000
1695869134998 0.0 148000
1695869207421 0.0 152000
1695869279513 0.0 156000
1695869351759 0.0 160000
1695869424174 0.0 164000
1695869496382 0.0 168000
1695869568799 0.0 172000
1695869641080 0.0 176000
1695869713309 0.0 180000
1695869785794 0.0 184000
1695869858493 0.0 188000
1695869931173 0.0 192000
1695870003511 0.0 196000
1695870076036 0.0 200000
1695870148269 0.0 204000
1695870220392 0.0 208000
1695870291197 0.0 212000
1695870362947 0.0 216000
1695870434869 0.0 220000
1695870507395 0.0 224000
1695870580502 0.0 228000
1695870652977 0.0 232000
1695870725348 0.0 236000
1695870797495 0.0 240000
1695870869809 0.0 244000
1695870942252 0.0 248000
1695871014810 0.0 252000
1695871087088 0.0 256000
1695871159275 0.0 260000
1695871231695 0.0 264000
1695871304346 0.0 268000
