1695866460267 0.2 4000
1695866539208 0.2 8000
1695866617914 0.2 12000
1695866696138 0.2 16000
1695866774321 0.2 20000
1695866852810 0.2 24000
1695866931621 0.2 28000
1695867010488 0.2 32000
1695867089004 0.2 36000
1695867167904 0.2 40000
1695867246577 0.2 44000
1695867324910 0.2 48000
1695867398814 0.2 52000
1695867471297 0.2 56000
1695867543760 0.2 60000
1695867616326 0.2 64000
1695867688720 0.2 68000
1695867761200 0.2 72000
1695867833699 0.2 76000
1695867906017 0.2 80000
1695867978700 0.2 84000
1695868050996 0.2 88000
1695868123234 0.2 92000
1695868195444 0.2 96000
1695868267540 0.2 100000
1695868339896 0.2 104000
1695868412129 0.2 108000
1695868484306 0.2 112000
1695868556621 0.2 116000
1695868628887 0.2 120000
1695868701610 0.2 124000
1695868773949 0.2 128000
1695868846330 0.2 132000
1695868918360 0.2 136000
1695868990678 0.2 140000
1695869062781 0.2 144000
1695869135015 0.2 148000
1695869207440 0.2 152000
1695869279529 0.2 156000
1695869351776 0.2 160000
1695869424191 0.2 164000
1695869496397 0.2 168000
1695869568816 0.2 172000
1695869641098 0.2 176000
1695869713325 0.2 180000
1695869785810 0.2 184000
1695869858509 0.2 188000
1695869931189 0.2 192000
1695870003527 0.2 196000
1695870076052 0.2 200000
1695870148284 0.2 204000
1695870220409 0.2 208000
1695870291214 0.2 212000
1695870362961 0.2 216000
1695870434885 0.2 220000
1695870507411 0.2 224000
1695870580520 0.2 228000
1695870652996 0.2 232000
1695870725365 0.2 236000
1695870797513 0.2 240000
1695870869826 0.2 244000
1695870942268 0.2 248000
1695871014826 0.2 252000
1695871087103 0.2 256000
1695871159291 0.2 260000
1695871231712 0.2 264000
1695871304364 0.2 268000
