1695866460273 0.01 4000
1695866539212 0.01 8000
1695866617918 0.01 12000
1695866696143 0.01 16000
1695866774325 0.01 20000
1695866852815 0.01 24000
1695866931625 0.01 28000
1695867010493 0.01 32000
1695867089008 0.01 36000
1695867167908 0.01 40000
1695867246581 0.01 44000
1695867324915 0.01 48000
1695867398819 0.01 52000
1695867471302 0.01 56000
1695867543765 0.01 60000
1695867616330 0.01 64000
1695867688723 0.01 68000
1695867761204 0.01 72000
1695867833704 0.01 76000
1695867906021 0.01 80000
1695867978705 0.01 84000
1695868051001 0.01 88000
1695868123238 0.01 92000
1695868195448 0.01 96000
1695868267545 0.01 100000
1695868339900 0.01 104000
1695868412133 0.01 108000
1695868484311 0.01 112000
1695868556625 0.01 116000
1695868628892 0.01 120000
1695868701614 0.01 124000
1695868773953 0.01 128000
1695868846335 0.01 132000
1695868918365 0.01 136000
1695868990683 0.01 140000
1695869062786 0.01 144000
1695869135019 0.01 148000
1695869207446 0.01 152000
1695869279534 0.01 156000
1695869351781 0.01 160000
1695869424196 0.01 164000
1695869496401 0.01 168000
1695869568821 0.01 172000
1695869641103 0.01 176000
1695869713329 0.01 180000
1695869785815 0.01 184000
1695869858513 0.01 188000
1695869931193 0.01 192000
1695870003532 0.01 196000
1695870076057 0.01 200000
1695870148288 0.01 204000
1695870220414 0.01 208000
1695870291218 0.01 212000
1695870362966 0.01 216000
1695870434889 0.01 220000
1695870507415 0.01 224000
1695870580524 0.01 228000
1695870653001 0.01 232000
1695870725370 0.01 236000
1695870797518 0.01 240000
1695870869830 0.01 244000
1695870942273 0.01 248000
1695871014831 0.01 252000
1695871087107 0.01 256000
1695871159296 0.01 260000
1695871231716 0.01 264000
1695871304368 0.01 268000
