1695866460274 1.0 4000
1695866539214 1.0 8000
1695866617919 1.0 12000
1695866696144 1.0 16000
1695866774326 1.0 20000
1695866852816 1.0 24000
1695866931626 1.0 28000
1695867010494 1.0 32000
1695867089009 1.0 36000
1695867167909 1.0 40000
1695867246582 1.0 44000
1695867324916 1.0 48000
1695867398820 1.0 52000
1695867471303 1.0 56000
1695867543766 1.0 60000
1695867616332 1.0 64000
1695867688724 1.0 68000
1695867761205 1.0 72000
1695867833705 1.0 76000
1695867906022 1.0 80000
1695867978706 1.0 84000
1695868051002 1.0 88000
1695868123240 1.0 92000
1695868195449 1.0 96000
1695868267546 1.0 100000
1695868339901 1.0 104000
1695868412135 1.0 108000
1695868484312 1.0 112000
1695868556626 1.0 116000
1695868628893 1.0 120000
1695868701615 1.0 124000
1695868773955 1.0 128000
1695868846336 1.0 132000
1695868918366 1.0 136000
1695868990684 1.0 140000
1695869062787 1.0 144000
1695869135020 1.0 148000
1695869207447 1.0 152000
1695869279535 1.0 156000
1695869351782 1.0 160000
1695869424197 1.0 164000
1695869496402 1.0 168000
1695869568822 1.0 172000
1695869641104 1.0 176000
1695869713330 1.0 180000
1695869785816 1.0 184000
1695869858514 1.0 188000
1695869931194 1.0 192000
1695870003533 1.0 196000
1695870076058 1.0 200000
1695870148289 1.0 204000
1695870220415 1.0 208000
1695870291219 1.0 212000
1695870362967 1.0 216000
1695870434890 1.0 220000
1695870507415 1.0 224000
1695870580525 1.0 228000
1695870653002 1.0 232000
1695870725371 1.0 236000
1695870797519 1.0 240000
1695870869831 1.0 244000
1695870942274 1.0 248000
1695871014832 1.0 252000
1695871087108 1.0 256000
1695871159296 1.0 260000
1695871231718 1.0 264000
1695871304369 1.0 268000
