1695866460215 0.0 4000
1695866539173 0.0 8000
1695866617873 0.0 12000
1695866696104 0.0 16000
1695866774287 0.0 20000
1695866852772 0.0 24000
1695866931588 0.0 28000
1695867010451 0.0 32000
1695867088971 0.0 36000
1695867167870 0.0 40000
1695867246539 0.0 44000
1695867324873 0.0 48000
1695867398779 0.0 52000
1695867471258 0.0 56000
1695867543725 0.0 60000
1695867616289 0.0 64000
1695867688683 0.0 68000
1695867761163 0.0 72000
1695867833662 0.0 76000
1695867905983 0.0 80000
1695867978662 0.0 84000
1695868050960 0.0 88000
1695868123190 0.0 92000
1695868195404 0.0 96000
1695868267502 0.0 100000
1695868339859 0.0 104000
1695868412093 0.0 108000
1695868484271 0.0 112000
1695868556580 0.0 116000
1695868628850 0.0 120000
1695868701572 0.0 124000
1695868773911 0.0 128000
1695868846290 0.0 132000
1695868918321 0.0 136000
1695868990645 0.0 140000
1695869062744 0.0 144000
1695869134976 0.0 148000
1695869207400 0.0 152000
1695869279494 0.0 156000
1695869351737 0.0 160000
1695869424154 0.0 164000
1695869496359 0.0 168000
1695869568777 0.0 172000
1695869641059 0.0 176000
1695869713286 0.0 180000
1695869785772 0.0 184000
1695869858470 0.0 188000
1695869931150 0.0 192000
1695870003488 0.0 196000
1695870076013 0.0 200000
1695870148248 0.0 204000
1695870220372 0.0 208000
1695870291174 0.0 212000
1695870362928 0.0 216000
1695870434847 0.0 220000
1695870507371 0.0 224000
1695870580479 0.0 228000
1695870652955 0.0 232000
1695870725327 0.0 236000
1695870797475 0.0 240000
1695870869786 0.0 244000
1695870942231 0.0 248000
1695871014791 0.0 252000
1695871087069 0.0 256000
1695871159251 0.0 260000
1695871231674 0.0 264000
1695871304323 0.0 268000
