1695866460252 1.0 4000
1695866539198 1.0 8000
1695866617902 1.0 12000
1695866696125 1.0 16000
1695866774309 1.0 20000
1695866852797 1.0 24000
1695866931609 1.0 28000
1695867010475 1.0 32000
1695867088992 1.0 36000
1695867167891 1.0 40000
1695867246563 1.0 44000
1695867324897 1.0 48000
1695867398801 1.0 52000
1695867471283 1.0 56000
1695867543747 1.0 60000
1695867616313 1.0 64000
1695867688708 1.0 68000
1695867761189 1.0 72000
1695867833687 1.0 76000
1695867906005 1.0 80000
1695867978688 1.0 84000
1695868050984 1.0 88000
1695868123218 1.0 92000
1695868195431 1.0 96000
1695868267526 1.0 100000
1695868339883 1.0 104000
1695868412115 1.0 108000
1695868484293 1.0 112000
1695868556608 1.0 116000
1695868628874 1.0 120000
1695868701597 1.0 124000
1695868773936 1.0 128000
1695868846316 1.0 132000
1695868918347 1.0 136000
1695868990667 1.0 140000
1695869062768 1.0 144000
1695869135002 1.0 148000
1695869207425 1.0 152000
1695869279517 1.0 156000
1695869351764 1.0 160000
1695869424178 1.0 164000
1695869496385 1.0 168000
1695869568803 1.0 172000
1695869641084 1.0 176000
1695869713313 1.0 180000
1695869785798 1.0 184000
1695869858497 1.0 188000
1695869931177 1.0 192000
1695870003515 1.0 196000
1695870076040 1.0 200000
1695870148272 1.0 204000
1695870220396 1.0 208000
1695870291201 1.0 212000
1695870362950 1.0 216000
1695870434873 1.0 220000
1695870507399 1.0 224000
1695870580506 1.0 228000
1695870652982 1.0 232000
1695870725352 1.0 236000
1695870797500 1.0 240000
1695870869812 1.0 244000
1695870942256 1.0 248000
1695871014814 1.0 252000
1695871087091 1.0 256000
1695871159279 1.0 260000
1695871231699 1.0 264000
1695871304350 1.0 268000
