1695866460232 5e-05 4000
1695866539184 5e-05 8000
1695866617885 5e-05 12000
1695866696113 5e-05 16000
1695866774296 5e-05 20000
1695866852782 5e-05 24000
1695866931596 5e-05 28000
1695867010461 5e-05 32000
1695867088979 5e-05 36000
1695867167878 5e-05 40000
1695867246548 5e-05 44000
1695867324883 5e-05 48000
1695867398788 5e-05 52000
1695867471268 5e-05 56000
1695867543734 5e-05 60000
1695867616299 5e-05 64000
1695867688694 5e-05 68000
1695867761175 5e-05 72000
1695867833672 5e-05 76000
1695867905992 5e-05 80000
1695867978672 5e-05 84000
1695868050969 5e-05 88000
1695868123202 5e-05 92000
1695868195415 5e-05 96000
1695868267511 5e-05 100000
1695868339868 5e-05 104000
1695868412102 5e-05 108000
1695868484280 5e-05 112000
1695868556591 5e-05 116000
1695868628859 5e-05 120000
1695868701582 5e-05 124000
1695868773921 5e-05 128000
1695868846301 5e-05 132000
1695868918331 5e-05 136000
1695868990654 5e-05 140000
1695869062753 5e-05 144000
1695869134987 5e-05 148000
1695869207410 5e-05 152000
1695869279503 5e-05 156000
1695869351748 5e-05 160000
1695869424164 5e-05 164000
1695869496370 5e-05 168000
1695869568787 5e-05 172000
1695869641070 5e-05 176000
1695869713297 5e-05 180000
1695869785784 5e-05 184000
1695869858481 5e-05 188000
1695869931162 5e-05 192000
1695870003500 5e-05 196000
1695870076025 5e-05 200000
1695870148258 5e-05 204000
1695870220382 5e-05 208000
1695870291185 5e-05 212000
1695870362937 5e-05 216000
1695870434858 5e-05 220000
1695870507383 5e-05 224000
1695870580490 5e-05 228000
1695870652966 5e-05 232000
1695870725337 5e-05 236000
1695870797485 5e-05 240000
1695870869797 5e-05 244000
1695870942241 5e-05 248000
1695871014801 5e-05 252000
1695871087078 5e-05 256000
1695871159262 5e-05 260000
1695871231684 5e-05 264000
1695871304334 5e-05 268000
