1695866460234 2.0 4000
1695866539185 2.0 8000
1695866617887 2.0 12000
1695866696113 2.0 16000
1695866774297 2.0 20000
1695866852783 2.0 24000
1695866931597 2.0 28000
1695867010462 2.0 32000
1695867088980 2.0 36000
1695867167879 2.0 40000
1695867246549 2.0 44000
1695867324884 2.0 48000
1695867398789 2.0 52000
1695867471269 2.0 56000
1695867543735 2.0 60000
1695867616300 2.0 64000
1695867688695 2.0 68000
1695867761176 2.0 72000
1695867833673 2.0 76000
1695867905993 2.0 80000
1695867978674 2.0 84000
1695868050970 2.0 88000
1695868123203 2.0 92000
1695868195416 2.0 96000
1695868267512 2.0 100000
1695868339869 2.0 104000
1695868412103 2.0 108000
1695868484281 2.0 112000
1695868556593 2.0 116000
1695868628860 2.0 120000
1695868701583 2.0 124000
1695868773922 2.0 128000
1695868846302 2.0 132000
1695868918333 2.0 136000
1695868990655 2.0 140000
1695869062754 2.0 144000
1695869134988 2.0 148000
1695869207411 2.0 152000
1695869279504 2.0 156000
1695869351749 2.0 160000
1695869424165 2.0 164000
1695869496371 2.0 168000
1695869568788 2.0 172000
1695869641071 2.0 176000
1695869713298 2.0 180000
1695869785785 2.0 184000
1695869858482 2.0 188000
1695869931163 2.0 192000
1695870003502 2.0 196000
1695870076026 2.0 200000
1695870148259 2.0 204000
1695870220383 2.0 208000
1695870291186 2.0 212000
1695870362938 2.0 216000
1695870434859 2.0 220000
1695870507384 2.0 224000
1695870580491 2.0 228000
1695870652967 2.0 232000
1695870725338 2.0 236000
1695870797486 2.0 240000
1695870869798 2.0 244000
1695870942242 2.0 248000
1695871014802 2.0 252000
1695871087079 2.0 256000
1695871159263 2.0 260000
1695871231685 2.0 264000
1695871304335 2.0 268000
