1695866460255 1000.0 4000
1695866539200 1000.0 8000
1695866617905 1000.0 12000
1695866696128 1000.0 16000
1695866774311 1000.0 20000
1695866852800 1000.0 24000
1695866931611 1000.0 28000
1695867010477 1000.0 32000
1695867088994 1000.0 36000
1695867167894 1000.0 40000
1695867246566 1000.0 44000
1695867324900 1000.0 48000
1695867398804 1000.0 52000
1695867471286 1000.0 56000
1695867543750 1000.0 60000
1695867616316 1000.0 64000
1695867688711 1000.0 68000
1695867761191 1000.0 72000
1695867833690 1000.0 76000
1695867906007 1000.0 80000
1695867978691 1000.0 84000
1695868050986 1000.0 88000
1695868123222 1000.0 92000
1695868195434 1000.0 96000
1695868267529 1000.0 100000
1695868339886 1000.0 104000
1695868412118 1000.0 108000
1695868484296 1000.0 112000
1695868556611 1000.0 116000
1695868628877 1000.0 120000
1695868701599 1000.0 124000
1695868773939 1000.0 128000
1695868846320 1000.0 132000
1695868918350 1000.0 136000
1695868990669 1000.0 140000
1695869062771 1000.0 144000
1695869135005 1000.0 148000
1695869207428 1000.0 152000
1695869279519 1000.0 156000
1695869351767 1000.0 160000
1695869424181 1000.0 164000
1695869496388 1000.0 168000
1695869568805 1000.0 172000
1695869641087 1000.0 176000
1695869713316 1000.0 180000
1695869785801 1000.0 184000
1695869858499 1000.0 188000
1695869931179 1000.0 192000
1695870003518 1000.0 196000
1695870076043 1000.0 200000
1695870148275 1000.0 204000
1695870220399 1000.0 208000
1695870291204 1000.0 212000
1695870362952 1000.0 216000
1695870434876 1000.0 220000
1695870507401 1000.0 224000
1695870580509 1000.0 228000
1695870652985 1000.0 232000
1695870725355 1000.0 236000
1695870797503 1000.0 240000
1695870869816 1000.0 244000
1695870942259 1000.0 248000
1695871014816 1000.0 252000
1695871087093 1000.0 256000
1695871159282 1000.0 260000
1695871231701 1000.0 264000
1695871304353 1000.0 268000
