1695866460248 60.0 4000
1695866539195 60.0 8000
1695866617899 60.0 12000
1695866696122 60.0 16000
1695866774306 60.0 20000
1695866852793 60.0 24000
1695866931606 60.0 28000
1695867010471 60.0 32000
1695867088989 60.0 36000
1695867167888 60.0 40000
1695867246560 60.0 44000
1695867324894 60.0 48000
1695867398798 60.0 52000
1695867471280 60.0 56000
1695867543744 60.0 60000
1695867616310 60.0 64000
1695867688705 60.0 68000
1695867761186 60.0 72000
1695867833684 60.0 76000
1695867906002 60.0 80000
1695867978685 60.0 84000
1695868050980 60.0 88000
1695868123214 60.0 92000
1695868195427 60.0 96000
1695868267523 60.0 100000
1695868339879 60.0 104000
1695868412112 60.0 108000
1695868484290 60.0 112000
1695868556604 60.0 116000
1695868628871 60.0 120000
1695868701593 60.0 124000
1695868773932 60.0 128000
1695868846313 60.0 132000
1695868918344 60.0 136000
1695868990664 60.0 140000
1695869062765 60.0 144000
1695869134999 60.0 148000
1695869207422 60.0 152000
1695869279513 60.0 156000
1695869351760 60.0 160000
1695869424175 60.0 164000
1695869496382 60.0 168000
1695869568799 60.0 172000
1695869641081 60.0 176000
1695869713310 60.0 180000
1695869785795 60.0 184000
1695869858493 60.0 188000
1695869931174 60.0 192000
1695870003512 60.0 196000
1695870076037 60.0 200000
1695870148269 60.0 204000
1695870220393 60.0 208000
1695870291197 60.0 212000
1695870362947 60.0 216000
1695870434870 60.0 220000
1695870507395 60.0 224000
1695870580503 60.0 228000
1695870652978 60.0 232000
1695870725349 60.0 236000
1695870797496 60.0 240000
1695870869809 60.0 244000
1695870942253 60.0 248000
1695871014811 60.0 252000
1695871087088 60.0 256000
1695871159275 60.0 260000
1695871231696 60.0 264000
1695871304347 60.0 268000
