1695866460249 100.0 4000
1695866539195 100.0 8000
1695866617899 100.0 12000
1695866696123 100.0 16000
1695866774307 100.0 20000
1695866852794 100.0 24000
1695866931606 100.0 28000
1695867010472 100.0 32000
1695867088989 100.0 36000
1695867167889 100.0 40000
1695867246560 100.0 44000
1695867324894 100.0 48000
1695867398799 100.0 52000
1695867471280 100.0 56000
1695867543745 100.0 60000
1695867616310 100.0 64000
1695867688706 100.0 68000
1695867761186 100.0 72000
1695867833684 100.0 76000
1695867906002 100.0 80000
1695867978685 100.0 84000
1695868050981 100.0 88000
1695868123215 100.0 92000
1695868195428 100.0 96000
1695868267523 100.0 100000
1695868339880 100.0 104000
1695868412113 100.0 108000
1695868484291 100.0 112000
1695868556604 100.0 116000
1695868628871 100.0 120000
1695868701594 100.0 124000
1695868773933 100.0 128000
1695868846314 100.0 132000
1695868918344 100.0 136000
1695868990664 100.0 140000
1695869062765 100.0 144000
1695869134999 100.0 148000
1695869207423 100.0 152000
1695869279514 100.0 156000
1695869351761 100.0 160000
1695869424175 100.0 164000
1695869496383 100.0 168000
1695869568800 100.0 172000
1695869641081 100.0 176000
1695869713310 100.0 180000
1695869785795 100.0 184000
1695869858494 100.0 188000
1695869931174 100.0 192000
1695870003512 100.0 196000
1695870076038 100.0 200000
1695870148270 100.0 204000
1695870220393 100.0 208000
1695870291198 100.0 212000
1695870362947 100.0 216000
1695870434870 100.0 220000
1695870507396 100.0 224000
1695870580503 100.0 228000
1695870652979 100.0 232000
1695870725349 100.0 236000
1695870797497 100.0 240000
1695870869810 100.0 244000
1695870942253 100.0 248000
1695871014811 100.0 252000
1695871087089 100.0 256000
1695871159276 100.0 260000
1695871231696 100.0 264000
1695871304348 100.0 268000
