1695866460249 0.0 4000
1695866539196 0.0 8000
1695866617900 0.0 12000
1695866696123 0.0 16000
1695866774307 0.0 20000
1695866852795 0.0 24000
1695866931607 0.0 28000
1695867010472 0.0 32000
1695867088990 0.0 36000
1695867167889 0.0 40000
1695867246561 0.0 44000
1695867324895 0.0 48000
1695867398799 0.0 52000
1695867471281 0.0 56000
1695867543745 0.0 60000
1695867616311 0.0 64000
1695867688706 0.0 68000
1695867761187 0.0 72000
1695867833685 0.0 76000
1695867906003 0.0 80000
1695867978686 0.0 84000
1695868050981 0.0 88000
1695868123215 0.0 92000
1695868195429 0.0 96000
1695868267524 0.0 100000
1695868339880 0.0 104000
1695868412113 0.0 108000
1695868484291 0.0 112000
1695868556605 0.0 116000
1695868628872 0.0 120000
1695868701594 0.0 124000
1695868773933 0.0 128000
1695868846314 0.0 132000
1695868918345 0.0 136000
1695868990665 0.0 140000
1695869062766 0.0 144000
1695869135000 0.0 148000
1695869207423 0.0 152000
1695869279514 0.0 156000
1695869351761 0.0 160000
1695869424176 0.0 164000
1695869496383 0.0 168000
1695869568800 0.0 172000
1695869641082 0.0 176000
1695869713311 0.0 180000
1695869785796 0.0 184000
1695869858494 0.0 188000
1695869931175 0.0 192000
1695870003513 0.0 196000
1695870076038 0.0 200000
1695870148270 0.0 204000
1695870220394 0.0 208000
1695870291198 0.0 212000
1695870362948 0.0 216000
1695870434871 0.0 220000
1695870507396 0.0 224000
1695870580504 0.0 228000
1695870652979 0.0 232000
1695870725350 0.0 236000
1695870797497 0.0 240000
1695870869810 0.0 244000
1695870942254 0.0 248000
1695871014812 0.0 252000
1695871087089 0.0 256000
1695871159277 0.0 260000
1695871231697 0.0 264000
1695871304348 0.0 268000
