1695866460265 -1.0 4000
1695866539207 -1.0 8000
1695866617913 -1.0 12000
1695866696136 -1.0 16000
1695866774319 -1.0 20000
1695866852808 -1.0 24000
1695866931619 -1.0 28000
1695867010486 -1.0 32000
1695867089002 -1.0 36000
1695867167902 -1.0 40000
1695867246575 -1.0 44000
1695867324909 -1.0 48000
1695867398812 -1.0 52000
1695867471295 -1.0 56000
1695867543758 -1.0 60000
1695867616324 -1.0 64000
1695867688718 -1.0 68000
1695867761198 -1.0 72000
1695867833698 -1.0 76000
1695867906015 -1.0 80000
1695867978699 -1.0 84000
1695868050995 -1.0 88000
1695868123232 -1.0 92000
1695868195443 -1.0 96000
1695868267538 -1.0 100000
1695868339894 -1.0 104000
1695868412127 -1.0 108000
1695868484304 -1.0 112000
1695868556619 -1.0 116000
1695868628886 -1.0 120000
1695868701608 -1.0 124000
1695868773947 -1.0 128000
1695868846329 -1.0 132000
1695868918359 -1.0 136000
1695868990677 -1.0 140000
1695869062779 -1.0 144000
1695869135013 -1.0 148000
1695869207439 -1.0 152000
1695869279527 -1.0 156000
1695869351775 -1.0 160000
1695869424190 -1.0 164000
1695869496396 -1.0 168000
1695869568814 -1.0 172000
1695869641096 -1.0 176000
1695869713324 -1.0 180000
1695869785809 -1.0 184000
1695869858507 -1.0 188000
1695869931187 -1.0 192000
1695870003526 -1.0 196000
1695870076051 -1.0 200000
1695870148283 -1.0 204000
1695870220407 -1.0 208000
1695870291212 -1.0 212000
1695870362960 -1.0 216000
1695870434884 -1.0 220000
1695870507409 -1.0 224000
1695870580518 -1.0 228000
1695870652994 -1.0 232000
1695870725364 -1.0 236000
1695870797511 -1.0 240000
1695870869824 -1.0 244000
1695870942267 -1.0 248000
1695871014824 -1.0 252000
1695871087101 -1.0 256000
1695871159290 -1.0 260000
1695871231710 -1.0 264000
1695871304362 -1.0 268000
