1695866460218 1.0 4000
1695866539175 1.0 8000
1695866617876 1.0 12000
1695866696105 1.0 16000
1695866774289 1.0 20000
1695866852774 1.0 24000
1695866931589 1.0 28000
1695867010453 1.0 32000
1695867088973 1.0 36000
1695867167872 1.0 40000
1695867246541 1.0 44000
1695867324875 1.0 48000
1695867398781 1.0 52000
1695867471260 1.0 56000
1695867543727 1.0 60000
1695867616291 1.0 64000
1695867688685 1.0 68000
1695867761165 1.0 72000
1695867833664 1.0 76000
1695867905985 1.0 80000
1695867978664 1.0 84000
1695868050962 1.0 88000
1695868123192 1.0 92000
1695868195406 1.0 96000
1695868267504 1.0 100000
1695868339861 1.0 104000
1695868412095 1.0 108000
1695868484273 1.0 112000
1695868556582 1.0 116000
1695868628852 1.0 120000
1695868701574 1.0 124000
1695868773913 1.0 128000
1695868846292 1.0 132000
1695868918323 1.0 136000
1695868990647 1.0 140000
1695869062746 1.0 144000
1695869134979 1.0 148000
1695869207403 1.0 152000
1695869279496 1.0 156000
1695869351739 1.0 160000
1695869424156 1.0 164000
1695869496361 1.0 168000
1695869568779 1.0 172000
1695869641061 1.0 176000
1695869713288 1.0 180000
1695869785774 1.0 184000
1695869858471 1.0 188000
1695869931152 1.0 192000
1695870003491 1.0 196000
1695870076015 1.0 200000
1695870148250 1.0 204000
1695870220374 1.0 208000
1695870291176 1.0 212000
1695870362930 1.0 216000
1695870434849 1.0 220000
1695870507374 1.0 224000
1695870580481 1.0 228000
1695870652958 1.0 232000
1695870725329 1.0 236000
1695870797477 1.0 240000
1695870869788 1.0 244000
1695870942233 1.0 248000
1695871014793 1.0 252000
1695871087071 1.0 256000
1695871159254 1.0 260000
1695871231676 1.0 264000
1695871304326 1.0 268000
