1695866460223 1.0 4000
1695866539178 1.0 8000
1695866617879 1.0 12000
1695866696108 1.0 16000
1695866774292 1.0 20000
1695866852777 1.0 24000
1695866931592 1.0 28000
1695867010455 1.0 32000
1695867088975 1.0 36000
1695867167874 1.0 40000
1695867246543 1.0 44000
1695867324878 1.0 48000
1695867398783 1.0 52000
1695867471263 1.0 56000
1695867543729 1.0 60000
1695867616294 1.0 64000
1695867688688 1.0 68000
1695867761169 1.0 72000
1695867833667 1.0 76000
1695867905987 1.0 80000
1695867978667 1.0 84000
1695868050964 1.0 88000
1695868123195 1.0 92000
1695868195409 1.0 96000
1695868267506 1.0 100000
1695868339863 1.0 104000
1695868412097 1.0 108000
1695868484276 1.0 112000
1695868556585 1.0 116000
1695868628854 1.0 120000
1695868701576 1.0 124000
1695868773915 1.0 128000
1695868846295 1.0 132000
1695868918326 1.0 136000
1695868990649 1.0 140000
1695869062748 1.0 144000
1695869134982 1.0 148000
1695869207405 1.0 152000
1695869279498 1.0 156000
1695869351742 1.0 160000
1695869424159 1.0 164000
1695869496364 1.0 168000
1695869568781 1.0 172000
1695869641064 1.0 176000
1695869713291 1.0 180000
1695869785777 1.0 184000
1695869858475 1.0 188000
1695869931155 1.0 192000
1695870003494 1.0 196000
1695870076018 1.0 200000
1695870148253 1.0 204000
1695870220377 1.0 208000
1695870291179 1.0 212000
1695870362932 1.0 216000
1695870434852 1.0 220000
1695870507377 1.0 224000
1695870580484 1.0 228000
1695870652960 1.0 232000
1695870725332 1.0 236000
1695870797480 1.0 240000
1695870869791 1.0 244000
1695870942236 1.0 248000
1695871014796 1.0 252000
1695871087073 1.0 256000
1695871159257 1.0 260000
1695871231679 1.0 264000
1695871304329 1.0 268000
