1695866460276 1.0 4000
1695866539215 1.0 8000
1695866617920 1.0 12000
1695866696145 1.0 16000
1695866774327 1.0 20000
1695866852817 1.0 24000
1695866931627 1.0 28000
1695867010496 1.0 32000
1695867089010 1.0 36000
1695867167910 1.0 40000
1695867246583 1.0 44000
1695867324917 1.0 48000
1695867398821 1.0 52000
1695867471304 1.0 56000
1695867543767 1.0 60000
1695867616333 1.0 64000
1695867688725 1.0 68000
1695867761205 1.0 72000
1695867833706 1.0 76000
1695867906023 1.0 80000
1695867978707 1.0 84000
1695868051003 1.0 88000
1695868123241 1.0 92000
1695868195450 1.0 96000
1695868267547 1.0 100000
1695868339902 1.0 104000
1695868412136 1.0 108000
1695868484313 1.0 112000
1695868556627 1.0 116000
1695868628894 1.0 120000
1695868701617 1.0 124000
1695868773956 1.0 128000
1695868846337 1.0 132000
1695868918367 1.0 136000
1695868990686 1.0 140000
1695869062788 1.0 144000
1695869135021 1.0 148000
1695869207448 1.0 152000
1695869279536 1.0 156000
1695869351783 1.0 160000
1695869424198 1.0 164000
1695869496403 1.0 168000
1695869568823 1.0 172000
1695869641105 1.0 176000
1695869713332 1.0 180000
1695869785817 1.0 184000
1695869858515 1.0 188000
1695869931195 1.0 192000
1695870003534 1.0 196000
1695870076059 1.0 200000
1695870148290 1.0 204000
1695870220416 1.0 208000
1695870291220 1.0 212000
1695870362968 1.0 216000
1695870434891 1.0 220000
1695870507417 1.0 224000
1695870580526 1.0 228000
1695870653003 1.0 232000
1695870725372 1.0 236000
1695870797520 1.0 240000
1695870869833 1.0 244000
1695870942275 1.0 248000
1695871014833 1.0 252000
1695871087110 1.0 256000
1695871159297 1.0 260000
1695871231719 1.0 264000
1695871304370 1.0 268000
