1695866460211 0.0 4000
1695866539171 0.0 8000
1695866617870 0.0 12000
1695866696101 0.0 16000
1695866774285 0.0 20000
1695866852770 0.0 24000
1695866931585 0.0 28000
1695867010448 0.0 32000
1695867088968 0.0 36000
1695867167867 0.0 40000
1695867246536 0.0 44000
1695867324871 0.0 48000
1695867398776 0.0 52000
1695867471256 0.0 56000
1695867543723 0.0 60000
1695867616287 0.0 64000
1695867688680 0.0 68000
1695867761160 0.0 72000
1695867833659 0.0 76000
1695867905980 0.0 80000
1695867978659 0.0 84000
1695868050957 0.0 88000
1695868123186 0.0 92000
1695868195401 0.0 96000
1695868267499 0.0 100000
1695868339856 0.0 104000
1695868412090 0.0 108000
1695868484269 0.0 112000
1695868556577 0.0 116000
1695868628847 0.0 120000
1695868701569 0.0 124000
1695868773908 0.0 128000
1695868846287 0.0 132000
1695868918318 0.0 136000
1695868990642 0.0 140000
1695869062741 0.0 144000
1695869134974 0.0 148000
1695869207397 0.0 152000
1695869279491 0.0 156000
1695869351734 0.0 160000
1695869424151 0.0 164000
1695869496356 0.0 168000
1695869568774 0.0 172000
1695869641056 0.0 176000
1695869713283 0.0 180000
1695869785769 0.0 184000
1695869858467 0.0 188000
1695869931147 0.0 192000
1695870003485 0.0 196000
1695870076011 0.0 200000
1695870148245 0.0 204000
1695870220370 0.0 208000
1695870291171 0.0 212000
1695870362925 0.0 216000
1695870434844 0.0 220000
1695870507368 0.0 224000
1695870580476 0.0 228000
1695870652952 0.0 232000
1695870725325 0.0 236000
1695870797472 0.0 240000
1695870869783 0.0 244000
1695870942228 0.0 248000
1695871014789 0.0 252000
1695871087066 0.0 256000
1695871159248 0.0 260000
1695871231671 0.0 264000
1695871304320 0.0 268000
