1695866460257 100.0 4000
1695866539201 100.0 8000
1695866617906 100.0 12000
1695866696130 100.0 16000
1695866774313 100.0 20000
1695866852801 100.0 24000
1695866931613 100.0 28000
1695867010479 100.0 32000
1695867088996 100.0 36000
1695867167895 100.0 40000
1695867246568 100.0 44000
1695867324902 100.0 48000
1695867398806 100.0 52000
1695867471288 100.0 56000
1695867543751 100.0 60000
1695867616317 100.0 64000
1695867688712 100.0 68000
1695867761193 100.0 72000
1695867833691 100.0 76000
1695867906009 100.0 80000
1695867978693 100.0 84000
1695868050988 100.0 88000
1695868123224 100.0 92000
1695868195436 100.0 96000
1695868267531 100.0 100000
1695868339887 100.0 104000
1695868412120 100.0 108000
1695868484298 100.0 112000
1695868556613 100.0 116000
1695868628879 100.0 120000
1695868701601 100.0 124000
1695868773940 100.0 128000
1695868846322 100.0 132000
1695868918352 100.0 136000
1695868990671 100.0 140000
1695869062773 100.0 144000
1695869135007 100.0 148000
1695869207431 100.0 152000
1695869279521 100.0 156000
1695869351768 100.0 160000
1695869424183 100.0 164000
1695869496390 100.0 168000
1695869568807 100.0 172000
1695869641088 100.0 176000
1695869713317 100.0 180000
1695869785802 100.0 184000
1695869858501 100.0 188000
1695869931181 100.0 192000
1695870003519 100.0 196000
1695870076044 100.0 200000
1695870148276 100.0 204000
1695870220401 100.0 208000
1695870291206 100.0 212000
1695870362954 100.0 216000
1695870434877 100.0 220000
1695870507403 100.0 224000
1695870580511 100.0 228000
1695870652987 100.0 232000
1695870725357 100.0 236000
1695870797504 100.0 240000
1695870869817 100.0 244000
1695870942260 100.0 248000
1695871014818 100.0 252000
1695871087095 100.0 256000
1695871159283 100.0 260000
1695871231703 100.0 264000
1695871304355 100.0 268000
