1695866460276 10.0 4000
1695866539216 10.0 8000
1695866617921 10.0 12000
1695866696145 10.0 16000
1695866774328 10.0 20000
1695866852818 10.0 24000
1695866931628 10.0 28000
1695867010496 10.0 32000
1695867089011 10.0 36000
1695867167911 10.0 40000
1695867246584 10.0 44000
1695867324918 10.0 48000
1695867398822 10.0 52000
1695867471305 10.0 56000
1695867543767 10.0 60000
1695867616333 10.0 64000
1695867688726 10.0 68000
1695867761206 10.0 72000
1695867833706 10.0 76000
1695867906024 10.0 80000
1695867978707 10.0 84000
1695868051004 10.0 88000
1695868123241 10.0 92000
1695868195451 10.0 96000
1695868267548 10.0 100000
1695868339903 10.0 104000
1695868412136 10.0 108000
1695868484313 10.0 112000
1695868556627 10.0 116000
1695868628895 10.0 120000
1695868701617 10.0 124000
1695868773956 10.0 128000
1695868846337 10.0 132000
1695868918368 10.0 136000
1695868990686 10.0 140000
1695869062788 10.0 144000
1695869135022 10.0 148000
1695869207449 10.0 152000
1695869279537 10.0 156000
1695869351783 10.0 160000
1695869424199 10.0 164000
1695869496403 10.0 168000
1695869568824 10.0 172000
1695869641106 10.0 176000
1695869713332 10.0 180000
1695869785817 10.0 184000
1695869858515 10.0 188000
1695869931196 10.0 192000
1695870003535 10.0 196000
1695870076059 10.0 200000
1695870148291 10.0 204000
1695870220416 10.0 208000
1695870291220 10.0 212000
1695870362968 10.0 216000
1695870434892 10.0 220000
1695870507417 10.0 224000
1695870580526 10.0 228000
1695870653004 10.0 232000
1695870725373 10.0 236000
1695870797520 10.0 240000
1695870869833 10.0 244000
1695870942275 10.0 248000
1695871014833 10.0 252000
1695871087110 10.0 256000
1695871159298 10.0 260000
1695871231719 10.0 264000
1695871304370 10.0 268000
