1695866460210 1.0 4000
1695866539170 1.0 8000
1695866617870 1.0 12000
1695866696101 1.0 16000
1695866774284 1.0 20000
1695866852769 1.0 24000
1695866931584 1.0 28000
1695867010448 1.0 32000
1695867088968 1.0 36000
1695867167867 1.0 40000
1695867246536 1.0 44000
1695867324870 1.0 48000
1695867398776 1.0 52000
1695867471255 1.0 56000
1695867543722 1.0 60000
1695867616287 1.0 64000
1695867688679 1.0 68000
1695867761160 1.0 72000
1695867833659 1.0 76000
1695867905980 1.0 80000
1695867978658 1.0 84000
1695868050957 1.0 88000
1695868123186 1.0 92000
1695868195401 1.0 96000
1695868267498 1.0 100000
1695868339855 1.0 104000
1695868412090 1.0 108000
1695868484268 1.0 112000
1695868556577 1.0 116000
1695868628847 1.0 120000
1695868701569 1.0 124000
1695868773908 1.0 128000
1695868846286 1.0 132000
1695868918317 1.0 136000
1695868990642 1.0 140000
1695869062741 1.0 144000
1695869134973 1.0 148000
1695869207397 1.0 152000
1695869279491 1.0 156000
1695869351733 1.0 160000
1695869424151 1.0 164000
1695869496356 1.0 168000
1695869568774 1.0 172000
1695869641056 1.0 176000
1695869713282 1.0 180000
1695869785768 1.0 184000
1695869858466 1.0 188000
1695869931147 1.0 192000
1695870003484 1.0 196000
1695870076010 1.0 200000
1695870148245 1.0 204000
1695870220369 1.0 208000
1695870291170 1.0 212000
1695870362924 1.0 216000
1695870434844 1.0 220000
1695870507368 1.0 224000
1695870580476 1.0 228000
1695870652952 1.0 232000
1695870725324 1.0 236000
1695870797472 1.0 240000
1695870869783 1.0 244000
1695870942227 1.0 248000
1695871014788 1.0 252000
1695871087066 1.0 256000
1695871159248 1.0 260000
1695871231670 1.0 264000
1695871304320 1.0 268000
