1695866460209 0.0 4000
1695866539170 0.0 8000
1695866617869 0.0 12000
1695866696100 0.0 16000
1695866774284 0.0 20000
1695866852769 0.0 24000
1695866931584 0.0 28000
1695867010447 0.0 32000
1695867088967 0.0 36000
1695867167867 0.0 40000
1695867246535 0.0 44000
1695867324870 0.0 48000
1695867398775 0.0 52000
1695867471255 0.0 56000
1695867543722 0.0 60000
1695867616286 0.0 64000
1695867688678 0.0 68000
1695867761159 0.0 72000
1695867833658 0.0 76000
1695867905979 0.0 80000
1695867978657 0.0 84000
1695868050956 0.0 88000
1695868123185 0.0 92000
1695868195400 0.0 96000
1695868267498 0.0 100000
1695868339855 0.0 104000
1695868412089 0.0 108000
1695868484268 0.0 112000
1695868556576 0.0 116000
1695868628846 0.0 120000
1695868701568 0.0 124000
1695868773907 0.0 128000
1695868846286 0.0 132000
1695868918317 0.0 136000
1695868990641 0.0 140000
1695869062740 0.0 144000
1695869134972 0.0 148000
1695869207396 0.0 152000
1695869279490 0.0 156000
1695869351733 0.0 160000
1695869424150 0.0 164000
1695869496355 0.0 168000
1695869568773 0.0 172000
1695869641055 0.0 176000
1695869713282 0.0 180000
1695869785767 0.0 184000
1695869858466 0.0 188000
1695869931146 0.0 192000
1695870003484 0.0 196000
1695870076009 0.0 200000
1695870148244 0.0 204000
1695870220369 0.0 208000
1695870291170 0.0 212000
1695870362924 0.0 216000
1695870434843 0.0 220000
1695870507367 0.0 224000
1695870580475 0.0 228000
1695870652951 0.0 232000
1695870725323 0.0 236000
1695870797471 0.0 240000
1695870869782 0.0 244000
1695870942227 0.0 248000
1695871014788 0.0 252000
1695871087065 0.0 256000
1695871159247 0.0 260000
1695871231670 0.0 264000
1695871304319 0.0 268000
