1695866460214 1.0 4000
1695866539173 1.0 8000
1695866617873 1.0 12000
1695866696103 1.0 16000
1695866774287 1.0 20000
1695866852772 1.0 24000
1695866931587 1.0 28000
1695867010450 1.0 32000
1695867088970 1.0 36000
1695867167869 1.0 40000
1695867246538 1.0 44000
1695867324873 1.0 48000
1695867398778 1.0 52000
1695867471258 1.0 56000
1695867543724 1.0 60000
1695867616289 1.0 64000
1695867688682 1.0 68000
1695867761163 1.0 72000
1695867833661 1.0 76000
1695867905982 1.0 80000
1695867978661 1.0 84000
1695868050959 1.0 88000
1695868123189 1.0 92000
1695868195403 1.0 96000
1695868267501 1.0 100000
1695868339858 1.0 104000
1695868412092 1.0 108000
1695868484271 1.0 112000
1695868556580 1.0 116000
1695868628849 1.0 120000
1695868701571 1.0 124000
1695868773910 1.0 128000
1695868846289 1.0 132000
1695868918320 1.0 136000
1695868990644 1.0 140000
1695869062743 1.0 144000
1695869134976 1.0 148000
1695869207399 1.0 152000
1695869279493 1.0 156000
1695869351736 1.0 160000
1695869424153 1.0 164000
1695869496358 1.0 168000
1695869568776 1.0 172000
1695869641058 1.0 176000
1695869713285 1.0 180000
1695869785771 1.0 184000
1695869858469 1.0 188000
1695869931149 1.0 192000
1695870003488 1.0 196000
1695870076013 1.0 200000
1695870148247 1.0 204000
1695870220372 1.0 208000
1695870291173 1.0 212000
1695870362927 1.0 216000
1695870434847 1.0 220000
1695870507371 1.0 224000
1695870580479 1.0 228000
1695870652955 1.0 232000
1695870725327 1.0 236000
1695870797475 1.0 240000
1695870869786 1.0 244000
1695870942230 1.0 248000
1695871014791 1.0 252000
1695871087068 1.0 256000
1695871159251 1.0 260000
1695871231673 1.0 264000
1695871304323 1.0 268000
