1695866460213 0.0 4000
1695866539172 0.0 8000
1695866617872 0.0 12000
1695866696103 0.0 16000
1695866774286 0.0 20000
1695866852771 0.0 24000
1695866931586 0.0 28000
1695867010450 0.0 32000
1695867088970 0.0 36000
1695867167869 0.0 40000
1695867246538 0.0 44000
1695867324872 0.0 48000
1695867398778 0.0 52000
1695867471257 0.0 56000
1695867543724 0.0 60000
1695867616288 0.0 64000
1695867688681 0.0 68000
1695867761162 0.0 72000
1695867833661 0.0 76000
1695867905982 0.0 80000
1695867978660 0.0 84000
1695868050959 0.0 88000
1695868123188 0.0 92000
1695868195403 0.0 96000
1695868267500 0.0 100000
1695868339858 0.0 104000
1695868412092 0.0 108000
1695868484270 0.0 112000
1695868556579 0.0 116000
1695868628849 0.0 120000
1695868701571 0.0 124000
1695868773910 0.0 128000
1695868846289 0.0 132000
1695868918320 0.0 136000
1695868990644 0.0 140000
1695869062743 0.0 144000
1695869134975 0.0 148000
1695869207399 0.0 152000
1695869279493 0.0 156000
1695869351736 0.0 160000
1695869424153 0.0 164000
1695869496358 0.0 168000
1695869568776 0.0 172000
1695869641058 0.0 176000
1695869713284 0.0 180000
1695869785770 0.0 184000
1695869858468 0.0 188000
1695869931149 0.0 192000
1695870003487 0.0 196000
1695870076012 0.0 200000
1695870148247 0.0 204000
1695870220371 0.0 208000
1695870291173 0.0 212000
1695870362926 0.0 216000
1695870434846 0.0 220000
1695870507370 0.0 224000
1695870580478 0.0 228000
1695870652954 0.0 232000
1695870725326 0.0 236000
1695870797474 0.0 240000
1695870869785 0.0 244000
1695870942229 0.0 248000
1695871014790 0.0 252000
1695871087068 0.0 256000
1695871159250 0.0 260000
1695871231672 0.0 264000
1695871304322 0.0 268000
