1695866460269 30.0 4000
1695866539209 30.0 8000
1695866617915 30.0 12000
1695866696139 30.0 16000
1695866774322 30.0 20000
1695866852811 30.0 24000
1695866931622 30.0 28000
1695867010489 30.0 32000
1695867089005 30.0 36000
1695867167905 30.0 40000
1695867246578 30.0 44000
1695867324911 30.0 48000
1695867398815 30.0 52000
1695867471298 30.0 56000
1695867543761 30.0 60000
1695867616327 30.0 64000
1695867688721 30.0 68000
1695867761201 30.0 72000
1695867833700 30.0 76000
1695867906018 30.0 80000
1695867978701 30.0 84000
1695868050997 30.0 88000
1695868123235 30.0 92000
1695868195445 30.0 96000
1695868267541 30.0 100000
1695868339897 30.0 104000
1695868412130 30.0 108000
1695868484307 30.0 112000
1695868556622 30.0 116000
1695868628889 30.0 120000
1695868701611 30.0 124000
1695868773950 30.0 128000
1695868846331 30.0 132000
1695868918361 30.0 136000
1695868990680 30.0 140000
1695869062782 30.0 144000
1695869135016 30.0 148000
1695869207442 30.0 152000
1695869279530 30.0 156000
1695869351777 30.0 160000
1695869424193 30.0 164000
1695869496398 30.0 168000
1695869568817 30.0 172000
1695869641099 30.0 176000
1695869713326 30.0 180000
1695869785811 30.0 184000
1695869858510 30.0 188000
1695869931190 30.0 192000
1695870003529 30.0 196000
1695870076053 30.0 200000
1695870148285 30.0 204000
1695870220410 30.0 208000
1695870291215 30.0 212000
1695870362962 30.0 216000
1695870434886 30.0 220000
1695870507412 30.0 224000
1695870580521 30.0 228000
1695870652997 30.0 232000
1695870725366 30.0 236000
1695870797514 30.0 240000
1695870869827 30.0 244000
1695870942270 30.0 248000
1695871014827 30.0 252000
1695871087104 30.0 256000
1695871159292 30.0 260000
1695871231713 30.0 264000
1695871304365 30.0 268000
