1695866460240 0.0 4000
1695866539189 0.0 8000
1695866617893 0.0 12000
1695866696117 0.0 16000
1695866774301 0.0 20000
1695866852787 0.0 24000
1695866931601 0.0 28000
1695867010466 0.0 32000
1695867088984 0.0 36000
1695867167883 0.0 40000
1695867246553 0.0 44000
1695867324888 0.0 48000
1695867398793 0.0 52000
1695867471273 0.0 56000
1695867543739 0.0 60000
1695867616304 0.0 64000
1695867688699 0.0 68000
1695867761180 0.0 72000
1695867833678 0.0 76000
1695867905997 0.0 80000
1695867978679 0.0 84000
1695868050975 0.0 88000
1695868123208 0.0 92000
1695868195420 0.0 96000
1695868267517 0.0 100000
1695868339873 0.0 104000
1695868412107 0.0 108000
1695868484285 0.0 112000
1695868556597 0.0 116000
1695868628864 0.0 120000
1695868701587 0.0 124000
1695868773926 0.0 128000
1695868846307 0.0 132000
1695868918337 0.0 136000
1695868990659 0.0 140000
1695869062758 0.0 144000
1695869134992 0.0 148000
1695869207416 0.0 152000
1695869279508 0.0 156000
1695869351754 0.0 160000
1695869424169 0.0 164000
1695869496376 0.0 168000
1695869568793 0.0 172000
1695869641075 0.0 176000
1695869713304 0.0 180000
1695869785789 0.0 184000
1695869858487 0.0 188000
1695869931168 0.0 192000
1695870003506 0.0 196000
1695870076031 0.0 200000
1695870148263 0.0 204000
1695870220387 0.0 208000
1695870291191 0.0 212000
1695870362942 0.0 216000
1695870434863 0.0 220000
1695870507389 0.0 224000
1695870580497 0.0 228000
1695870652972 0.0 232000
1695870725342 0.0 236000
1695870797490 0.0 240000
1695870869803 0.0 244000
1695870942247 0.0 248000
1695871014805 0.0 252000
1695871087083 0.0 256000
1695871159269 0.0 260000
1695871231690 0.0 264000
1695871304340 0.0 268000
