1695866460243 1.0 4000
1695866539191 1.0 8000
1695866617895 1.0 12000
1695866696119 1.0 16000
1695866774303 1.0 20000
1695866852789 1.0 24000
1695866931603 1.0 28000
1695867010468 1.0 32000
1695867088986 1.0 36000
1695867167885 1.0 40000
1695867246555 1.0 44000
1695867324890 1.0 48000
1695867398795 1.0 52000
1695867471275 1.0 56000
1695867543741 1.0 60000
1695867616306 1.0 64000
1695867688701 1.0 68000
1695867761182 1.0 72000
1695867833680 1.0 76000
1695867905999 1.0 80000
1695867978681 1.0 84000
1695868050977 1.0 88000
1695868123210 1.0 92000
1695868195422 1.0 96000
1695868267519 1.0 100000
1695868339875 1.0 104000
1695868412109 1.0 108000
1695868484287 1.0 112000
1695868556600 1.0 116000
1695868628867 1.0 120000
1695868701589 1.0 124000
1695868773928 1.0 128000
1695868846309 1.0 132000
1695868918340 1.0 136000
1695868990661 1.0 140000
1695869062760 1.0 144000
1695869134995 1.0 148000
1695869207418 1.0 152000
1695869279510 1.0 156000
1695869351756 1.0 160000
1695869424171 1.0 164000
1695869496378 1.0 168000
1695869568795 1.0 172000
1695869641077 1.0 176000
1695869713306 1.0 180000
1695869785791 1.0 184000
1695869858490 1.0 188000
1695869931170 1.0 192000
1695870003508 1.0 196000
1695870076033 1.0 200000
1695870148265 1.0 204000
1695870220389 1.0 208000
1695870291193 1.0 212000
1695870362944 1.0 216000
1695870434866 1.0 220000
1695870507391 1.0 224000
1695870580499 1.0 228000
1695870652974 1.0 232000
1695870725344 1.0 236000
1695870797492 1.0 240000
1695870869805 1.0 244000
1695870942249 1.0 248000
1695871014807 1.0 252000
1695871087085 1.0 256000
1695871159271 1.0 260000
1695871231692 1.0 264000
1695871304343 1.0 268000
