1695866460239 67108864.0 4000
1695866539189 67108864.0 8000
1695866617892 67108864.0 12000
1695866696117 67108864.0 16000
1695866774301 67108864.0 20000
1695866852787 67108864.0 24000
1695866931600 67108864.0 28000
1695867010465 67108864.0 32000
1695867088983 67108864.0 36000
1695867167883 67108864.0 40000
1695867246553 67108864.0 44000
1695867324887 67108864.0 48000
1695867398792 67108864.0 52000
1695867471273 67108864.0 56000
1695867543738 67108864.0 60000
1695867616303 67108864.0 64000
1695867688699 67108864.0 68000
1695867761180 67108864.0 72000
1695867833677 67108864.0 76000
1695867905996 67108864.0 80000
1695867978678 67108864.0 84000
1695868050974 67108864.0 88000
1695868123207 67108864.0 92000
1695868195420 67108864.0 96000
1695868267516 67108864.0 100000
1695868339873 67108864.0 104000
1695868412107 67108864.0 108000
1695868484285 67108864.0 112000
1695868556596 67108864.0 116000
1695868628864 67108864.0 120000
1695868701586 67108864.0 124000
1695868773925 67108864.0 128000
1695868846306 67108864.0 132000
1695868918337 67108864.0 136000
1695868990658 67108864.0 140000
1695869062758 67108864.0 144000
1695869134992 67108864.0 148000
1695869207415 67108864.0 152000
1695869279508 67108864.0 156000
1695869351753 67108864.0 160000
1695869424168 67108864.0 164000
1695869496375 67108864.0 168000
1695869568792 67108864.0 172000
1695869641074 67108864.0 176000
1695869713303 67108864.0 180000
1695869785788 67108864.0 184000
1695869858487 67108864.0 188000
1695869931167 67108864.0 192000
1695870003505 67108864.0 196000
1695870076031 67108864.0 200000
1695870148263 67108864.0 204000
1695870220386 67108864.0 208000
1695870291190 67108864.0 212000
1695870362941 67108864.0 216000
1695870434863 67108864.0 220000
1695870507388 67108864.0 224000
1695870580496 67108864.0 228000
1695870652971 67108864.0 232000
1695870725341 67108864.0 236000
1695870797489 67108864.0 240000
1695870869803 67108864.0 244000
1695870942246 67108864.0 248000
1695871014805 67108864.0 252000
1695871087082 67108864.0 256000
1695871159268 67108864.0 260000
1695871231689 67108864.0 264000
1695871304339 67108864.0 268000
