1695866460236 0.0 4000
1695866539187 0.0 8000
1695866617889 0.0 12000
1695866696115 0.0 16000
1695866774299 0.0 20000
1695866852784 0.0 24000
1695866931598 0.0 28000
1695867010463 0.0 32000
1695867088982 0.0 36000
1695867167881 0.0 40000
1695867246550 0.0 44000
1695867324885 0.0 48000
1695867398790 0.0 52000
1695867471271 0.0 56000
1695867543736 0.0 60000
1695867616301 0.0 64000
1695867688697 0.0 68000
1695867761177 0.0 72000
1695867833675 0.0 76000
1695867905994 0.0 80000
1695867978676 0.0 84000
1695868050972 0.0 88000
1695868123205 0.0 92000
1695868195418 0.0 96000
1695868267514 0.0 100000
1695868339871 0.0 104000
1695868412105 0.0 108000
1695868484283 0.0 112000
1695868556594 0.0 116000
1695868628862 0.0 120000
1695868701584 0.0 124000
1695868773923 0.0 128000
1695868846304 0.0 132000
1695868918334 0.0 136000
1695868990656 0.0 140000
1695869062756 0.0 144000
1695869134990 0.0 148000
1695869207413 0.0 152000
1695869279505 0.0 156000
1695869351751 0.0 160000
1695869424166 0.0 164000
1695869496373 0.0 168000
1695869568790 0.0 172000
1695869641072 0.0 176000
1695869713300 0.0 180000
1695869785786 0.0 184000
1695869858484 0.0 188000
1695869931165 0.0 192000
1695870003503 0.0 196000
1695870076028 0.0 200000
1695870148261 0.0 204000
1695870220384 0.0 208000
1695870291188 0.0 212000
1695870362939 0.0 216000
1695870434861 0.0 220000
1695870507386 0.0 224000
1695870580493 0.0 228000
1695870652969 0.0 232000
1695870725339 0.0 236000
1695870797487 0.0 240000
1695870869800 0.0 244000
1695870942244 0.0 248000
1695871014803 0.0 252000
1695871087080 0.0 256000
1695871159266 0.0 260000
1695871231687 0.0 264000
1695871304337 0.0 268000
