1695866460238 0.0 4000
1695866539188 0.0 8000
1695866617891 0.0 12000
1695866696116 0.0 16000
1695866774300 0.0 20000
1695866852785 0.0 24000
1695866931599 0.0 28000
1695867010464 0.0 32000
1695867088983 0.0 36000
1695867167882 0.0 40000
1695867246552 0.0 44000
1695867324886 0.0 48000
1695867398791 0.0 52000
1695867471272 0.0 56000
1695867543737 0.0 60000
1695867616302 0.0 64000
1695867688698 0.0 68000
1695867761178 0.0 72000
1695867833676 0.0 76000
1695867905995 0.0 80000
1695867978677 0.0 84000
1695868050973 0.0 88000
1695868123206 0.0 92000
1695868195419 0.0 96000
1695868267515 0.0 100000
1695868339872 0.0 104000
1695868412106 0.0 108000
1695868484284 0.0 112000
1695868556595 0.0 116000
1695868628863 0.0 120000
1695868701585 0.0 124000
1695868773924 0.0 128000
1695868846305 0.0 132000
1695868918336 0.0 136000
1695868990657 0.0 140000
1695869062757 0.0 144000
1695869134991 0.0 148000
1695869207414 0.0 152000
1695869279506 0.0 156000
1695869351752 0.0 160000
1695869424167 0.0 164000
1695869496374 0.0 168000
1695869568791 0.0 172000
1695869641073 0.0 176000
1695869713302 0.0 180000
1695869785787 0.0 184000
1695869858485 0.0 188000
1695869931166 0.0 192000
1695870003504 0.0 196000
1695870076029 0.0 200000
1695870148262 0.0 204000
1695870220385 0.0 208000
1695870291189 0.0 212000
1695870362940 0.0 216000
1695870434862 0.0 220000
1695870507387 0.0 224000
1695870580495 0.0 228000
1695870652970 0.0 232000
1695870725340 0.0 236000
1695870797488 0.0 240000
1695870869801 0.0 244000
1695870942245 0.0 248000
1695871014804 0.0 252000
1695871087081 0.0 256000
1695871159267 0.0 260000
1695871231688 0.0 264000
1695871304338 0.0 268000
