1695866460254 0.0 4000
1695866539199 0.0 8000
1695866617904 0.0 12000
1695866696127 0.0 16000
1695866774311 0.0 20000
1695866852799 0.0 24000
1695866931611 0.0 28000
1695867010477 0.0 32000
1695867088994 0.0 36000
1695867167893 0.0 40000
1695867246565 0.0 44000
1695867324899 0.0 48000
1695867398803 0.0 52000
1695867471286 0.0 56000
1695867543749 0.0 60000
1695867616315 0.0 64000
1695867688710 0.0 68000
1695867761191 0.0 72000
1695867833689 0.0 76000
1695867906007 0.0 80000
1695867978690 0.0 84000
1695868050986 0.0 88000
1695868123221 0.0 92000
1695868195433 0.0 96000
1695868267529 0.0 100000
1695868339885 0.0 104000
1695868412118 0.0 108000
1695868484296 0.0 112000
1695868556610 0.0 116000
1695868628876 0.0 120000
1695868701599 0.0 124000
1695868773938 0.0 128000
1695868846319 0.0 132000
1695868918349 0.0 136000
1695868990669 0.0 140000
1695869062770 0.0 144000
1695869135005 0.0 148000
1695869207428 0.0 152000
1695869279519 0.0 156000
1695869351766 0.0 160000
1695869424181 0.0 164000
1695869496388 0.0 168000
1695869568805 0.0 172000
1695869641086 0.0 176000
1695869713315 0.0 180000
1695869785800 0.0 184000
1695869858499 0.0 188000
1695869931179 0.0 192000
1695870003517 0.0 196000
1695870076042 0.0 200000
1695870148274 0.0 204000
1695870220398 0.0 208000
1695870291204 0.0 212000
1695870362952 0.0 216000
1695870434875 0.0 220000
1695870507401 0.0 224000
1695870580509 0.0 228000
1695870652984 0.0 232000
1695870725354 0.0 236000
1695870797502 0.0 240000
1695870869815 0.0 244000
1695870942258 0.0 248000
1695871014816 0.0 252000
1695871087093 0.0 256000
1695871159281 0.0 260000
1695871231701 0.0 264000
1695871304353 0.0 268000
