1695866460227 0.0 4000
1695866539180 0.0 8000
1695866617881 0.0 12000
1695866696110 0.0 16000
1695866774294 0.0 20000
1695866852779 0.0 24000
1695866931594 0.0 28000
1695867010458 0.0 32000
1695867088977 0.0 36000
1695867167876 0.0 40000
1695867246545 0.0 44000
1695867324880 0.0 48000
1695867398785 0.0 52000
1695867471265 0.0 56000
1695867543731 0.0 60000
1695867616296 0.0 64000
1695867688690 0.0 68000
1695867761171 0.0 72000
1695867833669 0.0 76000
1695867905989 0.0 80000
1695867978669 0.0 84000
1695868050966 0.0 88000
1695868123198 0.0 92000
1695868195411 0.0 96000
1695868267508 0.0 100000
1695868339865 0.0 104000
1695868412099 0.0 108000
1695868484277 0.0 112000
1695868556588 0.0 116000
1695868628856 0.0 120000
1695868701578 0.0 124000
1695868773918 0.0 128000
1695868846297 0.0 132000
1695868918328 0.0 136000
1695868990651 0.0 140000
1695869062750 0.0 144000
1695869134984 0.0 148000
1695869207407 0.0 152000
1695869279500 0.0 156000
1695869351745 0.0 160000
1695869424161 0.0 164000
1695869496367 0.0 168000
1695869568784 0.0 172000
1695869641066 0.0 176000
1695869713293 0.0 180000
1695869785780 0.0 184000
1695869858477 0.0 188000
1695869931158 0.0 192000
1695870003497 0.0 196000
1695870076021 0.0 200000
1695870148255 0.0 204000
1695870220379 0.0 208000
1695870291182 0.0 212000
1695870362934 0.0 216000
1695870434855 0.0 220000
1695870507380 0.0 224000
1695870580487 0.0 228000
1695870652963 0.0 232000
1695870725334 0.0 236000
1695870797482 0.0 240000
1695870869793 0.0 244000
1695870942238 0.0 248000
1695871014798 0.0 252000
1695871087075 0.0 256000
1695871159259 0.0 260000
1695871231681 0.0 264000
1695871304331 0.0 268000
