1695866460226 0.0 4000
1695866539180 0.0 8000
1695866617881 0.0 12000
1695866696109 0.0 16000
1695866774293 0.0 20000
1695866852779 0.0 24000
1695866931593 0.0 28000
1695867010457 0.0 32000
1695867088976 0.0 36000
1695867167875 0.0 40000
1695867246545 0.0 44000
1695867324880 0.0 48000
1695867398785 0.0 52000
1695867471265 0.0 56000
1695867543731 0.0 60000
1695867616295 0.0 64000
1695867688689 0.0 68000
1695867761171 0.0 72000
1695867833668 0.0 76000
1695867905989 0.0 80000
1695867978668 0.0 84000
1695868050966 0.0 88000
1695868123197 0.0 92000
1695868195411 0.0 96000
1695868267508 0.0 100000
1695868339865 0.0 104000
1695868412099 0.0 108000
1695868484277 0.0 112000
1695868556587 0.0 116000
1695868628856 0.0 120000
1695868701578 0.0 124000
1695868773917 0.0 128000
1695868846297 0.0 132000
1695868918327 0.0 136000
1695868990651 0.0 140000
1695869062750 0.0 144000
1695869134983 0.0 148000
1695869207407 0.0 152000
1695869279499 0.0 156000
1695869351744 0.0 160000
1695869424160 0.0 164000
1695869496366 0.0 168000
1695869568783 0.0 172000
1695869641066 0.0 176000
1695869713293 0.0 180000
1695869785779 0.0 184000
1695869858476 0.0 188000
1695869931157 0.0 192000
1695870003496 0.0 196000
1695870076020 0.0 200000
1695870148254 0.0 204000
1695870220378 0.0 208000
1695870291181 0.0 212000
1695870362934 0.0 216000
1695870434854 0.0 220000
1695870507379 0.0 224000
1695870580486 0.0 228000
1695870652962 0.0 232000
1695870725333 0.0 236000
1695870797481 0.0 240000
1695870869793 0.0 244000
1695870942237 0.0 248000
1695871014797 0.0 252000
1695871087075 0.0 256000
1695871159259 0.0 260000
1695871231680 0.0 264000
1695871304330 0.0 268000
