1695866460218 0.0 4000
1695866539175 0.0 8000
1695866617875 0.0 12000
1695866696105 0.0 16000
1695866774289 0.0 20000
1695866852774 0.0 24000
1695866931589 0.0 28000
1695867010452 0.0 32000
1695867088972 0.0 36000
1695867167871 0.0 40000
1695867246540 0.0 44000
1695867324875 0.0 48000
1695867398780 0.0 52000
1695867471260 0.0 56000
1695867543726 0.0 60000
1695867616291 0.0 64000
1695867688684 0.0 68000
1695867761165 0.0 72000
1695867833664 0.0 76000
1695867905984 0.0 80000
1695867978663 0.0 84000
1695868050961 0.0 88000
1695868123191 0.0 92000
1695868195406 0.0 96000
1695868267503 0.0 100000
1695868339860 0.0 104000
1695868412094 0.0 108000
1695868484273 0.0 112000
1695868556582 0.0 116000
1695868628851 0.0 120000
1695868701573 0.0 124000
1695868773912 0.0 128000
1695868846291 0.0 132000
1695868918322 0.0 136000
1695868990646 0.0 140000
1695869062745 0.0 144000
1695869134978 0.0 148000
1695869207401 0.0 152000
1695869279495 0.0 156000
1695869351739 0.0 160000
1695869424155 0.0 164000
1695869496361 0.0 168000
1695869568778 0.0 172000
1695869641061 0.0 176000
1695869713287 0.0 180000
1695869785774 0.0 184000
1695869858471 0.0 188000
1695869931152 0.0 192000
1695870003490 0.0 196000
1695870076015 0.0 200000
1695870148249 0.0 204000
1695870220374 0.0 208000
1695870291176 0.0 212000
1695870362929 0.0 216000
1695870434849 0.0 220000
1695870507373 0.0 224000
1695870580481 0.0 228000
1695870652957 0.0 232000
1695870725329 0.0 236000
1695870797477 0.0 240000
1695870869788 0.0 244000
1695870942232 0.0 248000
1695871014793 0.0 252000
1695871087070 0.0 256000
1695871159253 0.0 260000
1695871231675 0.0 264000
1695871304325 0.0 268000
