1695866460256 0.0 4000
1695866539201 0.0 8000
1695866617906 0.0 12000
1695866696129 0.0 16000
1695866774312 0.0 20000
1695866852801 0.0 24000
1695866931612 0.0 28000
1695867010478 0.0 32000
1695867088995 0.0 36000
1695867167895 0.0 40000
1695867246567 0.0 44000
1695867324901 0.0 48000
1695867398805 0.0 52000
1695867471288 0.0 56000
1695867543751 0.0 60000
1695867616317 0.0 64000
1695867688712 0.0 68000
1695867761192 0.0 72000
1695867833691 0.0 76000
1695867906008 0.0 80000
1695867978692 0.0 84000
1695868050987 0.0 88000
1695868123224 0.0 92000
1695868195435 0.0 96000
1695868267531 0.0 100000
1695868339887 0.0 104000
1695868412119 0.0 108000
1695868484297 0.0 112000
1695868556612 0.0 116000
1695868628878 0.0 120000
1695868701601 0.0 124000
1695868773940 0.0 128000
1695868846321 0.0 132000
1695868918351 0.0 136000
1695868990670 0.0 140000
1695869062772 0.0 144000
1695869135006 0.0 148000
1695869207430 0.0 152000
1695869279520 0.0 156000
1695869351768 0.0 160000
1695869424182 0.0 164000
1695869496389 0.0 168000
1695869568807 0.0 172000
1695869641088 0.0 176000
1695869713317 0.0 180000
1695869785802 0.0 184000
1695869858500 0.0 188000
1695869931180 0.0 192000
1695870003519 0.0 196000
1695870076044 0.0 200000
1695870148276 0.0 204000
1695870220400 0.0 208000
1695870291205 0.0 212000
1695870362953 0.0 216000
1695870434877 0.0 220000
1695870507402 0.0 224000
1695870580511 0.0 228000
1695870652986 0.0 232000
1695870725356 0.0 236000
1695870797504 0.0 240000
1695870869817 0.0 244000
1695870942260 0.0 248000
1695871014817 0.0 252000
1695871087094 0.0 256000
1695871159283 0.0 260000
1695871231702 0.0 264000
1695871304355 0.0 268000
