1695866460224 0.0 4000
1695866539179 0.0 8000
1695866617880 0.0 12000
1695866696108 0.0 16000
1695866774292 0.0 20000
1695866852778 0.0 24000
1695866931592 0.0 28000
1695867010456 0.0 32000
1695867088975 0.0 36000
1695867167874 0.0 40000
1695867246544 0.0 44000
1695867324879 0.0 48000
1695867398784 0.0 52000
1695867471264 0.0 56000
1695867543730 0.0 60000
1695867616294 0.0 64000
1695867688688 0.0 68000
1695867761169 0.0 72000
1695867833667 0.0 76000
1695867905988 0.0 80000
1695867978667 0.0 84000
1695868050965 0.0 88000
1695868123196 0.0 92000
1695868195410 0.0 96000
1695868267507 0.0 100000
1695868339864 0.0 104000
1695868412098 0.0 108000
1695868484276 0.0 112000
1695868556586 0.0 116000
1695868628855 0.0 120000
1695868701577 0.0 124000
1695868773916 0.0 128000
1695868846295 0.0 132000
1695868918326 0.0 136000
1695868990650 0.0 140000
1695869062749 0.0 144000
1695869134982 0.0 148000
1695869207406 0.0 152000
1695869279499 0.0 156000
1695869351743 0.0 160000
1695869424159 0.0 164000
1695869496365 0.0 168000
1695869568782 0.0 172000
1695869641065 0.0 176000
1695869713291 0.0 180000
1695869785778 0.0 184000
1695869858475 0.0 188000
1695869931156 0.0 192000
1695870003495 0.0 196000
1695870076019 0.0 200000
1695870148253 0.0 204000
1695870220377 0.0 208000
1695870291180 0.0 212000
1695870362933 0.0 216000
1695870434853 0.0 220000
1695870507377 0.0 224000
1695870580485 0.0 228000
1695870652961 0.0 232000
1695870725332 0.0 236000
1695870797480 0.0 240000
1695870869792 0.0 244000
1695870942236 0.0 248000
1695871014796 0.0 252000
1695871087074 0.0 256000
1695871159257 0.0 260000
1695871231679 0.0 264000
1695871304329 0.0 268000
