1695866460253 0.0 4000
1695866539199 0.0 8000
1695866617903 0.0 12000
1695866696126 0.0 16000
1695866774310 0.0 20000
1695866852798 0.0 24000
1695866931610 0.0 28000
1695867010476 0.0 32000
1695867088993 0.0 36000
1695867167892 0.0 40000
1695867246564 0.0 44000
1695867324898 0.0 48000
1695867398802 0.0 52000
1695867471285 0.0 56000
1695867543748 0.0 60000
1695867616314 0.0 64000
1695867688709 0.0 68000
1695867761190 0.0 72000
1695867833688 0.0 76000
1695867906006 0.0 80000
1695867978689 0.0 84000
1695868050985 0.0 88000
1695868123220 0.0 92000
1695868195432 0.0 96000
1695868267528 0.0 100000
1695868339884 0.0 104000
1695868412117 0.0 108000
1695868484294 0.0 112000
1695868556609 0.0 116000
1695868628875 0.0 120000
1695868701598 0.0 124000
1695868773937 0.0 128000
1695868846318 0.0 132000
1695868918348 0.0 136000
1695868990668 0.0 140000
1695869062769 0.0 144000
1695869135004 0.0 148000
1695869207427 0.0 152000
1695869279518 0.0 156000
1695869351765 0.0 160000
1695869424179 0.0 164000
1695869496387 0.0 168000
1695869568804 0.0 172000
1695869641085 0.0 176000
1695869713314 0.0 180000
1695869785799 0.0 184000
1695869858498 0.0 188000
1695869931178 0.0 192000
1695870003516 0.0 196000
1695870076041 0.0 200000
1695870148273 0.0 204000
1695870220397 0.0 208000
1695870291202 0.0 212000
1695870362951 0.0 216000
1695870434874 0.0 220000
1695870507400 0.0 224000
1695870580508 0.0 228000
1695870652983 0.0 232000
1695870725353 0.0 236000
1695870797501 0.0 240000
1695870869814 0.0 244000
1695870942257 0.0 248000
1695871014815 0.0 252000
1695871087092 0.0 256000
1695871159280 0.0 260000
1695871231700 0.0 264000
1695871304352 0.0 268000
