1695866460268 128.0 4000
1695866539209 128.0 8000
1695866617915 128.0 12000
1695866696139 128.0 16000
1695866774321 128.0 20000
1695866852811 128.0 24000
1695866931621 128.0 28000
1695867010489 128.0 32000
1695867089004 128.0 36000
1695867167904 128.0 40000
1695867246577 128.0 44000
1695867324911 128.0 48000
1695867398815 128.0 52000
1695867471298 128.0 56000
1695867543760 128.0 60000
1695867616326 128.0 64000
1695867688720 128.0 68000
1695867761200 128.0 72000
1695867833700 128.0 76000
1695867906017 128.0 80000
1695867978701 128.0 84000
1695868050997 128.0 88000
1695868123234 128.0 92000
1695868195445 128.0 96000
1695868267540 128.0 100000
1695868339896 128.0 104000
1695868412129 128.0 108000
1695868484307 128.0 112000
1695868556621 128.0 116000
1695868628888 128.0 120000
1695868701610 128.0 124000
1695868773949 128.0 128000
1695868846331 128.0 132000
1695868918361 128.0 136000
1695868990679 128.0 140000
1695869062782 128.0 144000
1695869135015 128.0 148000
1695869207441 128.0 152000
1695869279530 128.0 156000
1695869351777 128.0 160000
1695869424192 128.0 164000
1695869496398 128.0 168000
1695869568816 128.0 172000
1695869641098 128.0 176000
1695869713326 128.0 180000
1695869785811 128.0 184000
1695869858509 128.0 188000
1695869931189 128.0 192000
1695870003528 128.0 196000
1695870076053 128.0 200000
1695870148285 128.0 204000
1695870220410 128.0 208000
1695870291214 128.0 212000
1695870362962 128.0 216000
1695870434886 128.0 220000
1695870507411 128.0 224000
1695870580520 128.0 228000
1695870652996 128.0 232000
1695870725366 128.0 236000
1695870797514 128.0 240000
1695870869827 128.0 244000
1695870942269 128.0 248000
1695871014827 128.0 252000
1695871087103 128.0 256000
1695871159292 128.0 260000
1695871231712 128.0 264000
1695871304364 128.0 268000
