1695866460238 0.0 4000
1695866539189 0.0 8000
1695866617891 0.0 12000
1695866696116 0.0 16000
1695866774300 0.0 20000
1695866852786 0.0 24000
1695866931600 0.0 28000
1695867010465 0.0 32000
1695867088983 0.0 36000
1695867167882 0.0 40000
1695867246552 0.0 44000
1695867324887 0.0 48000
1695867398792 0.0 52000
1695867471272 0.0 56000
1695867543738 0.0 60000
1695867616303 0.0 64000
1695867688698 0.0 68000
1695867761179 0.0 72000
1695867833676 0.0 76000
1695867905996 0.0 80000
1695867978677 0.0 84000
1695868050974 0.0 88000
1695868123207 0.0 92000
1695868195419 0.0 96000
1695868267516 0.0 100000
1695868339872 0.0 104000
1695868412106 0.0 108000
1695868484284 0.0 112000
1695868556596 0.0 116000
1695868628863 0.0 120000
1695868701586 0.0 124000
1695868773925 0.0 128000
1695868846306 0.0 132000
1695868918336 0.0 136000
1695868990658 0.0 140000
1695869062757 0.0 144000
1695869134991 0.0 148000
1695869207415 0.0 152000
1695869279507 0.0 156000
1695869351753 0.0 160000
1695869424168 0.0 164000
1695869496375 0.0 168000
1695869568792 0.0 172000
1695869641074 0.0 176000
1695869713302 0.0 180000
1695869785788 0.0 184000
1695869858486 0.0 188000
1695869931167 0.0 192000
1695870003505 0.0 196000
1695870076030 0.0 200000
1695870148262 0.0 204000
1695870220386 0.0 208000
1695870291190 0.0 212000
1695870362941 0.0 216000
1695870434862 0.0 220000
1695870507388 0.0 224000
1695870580496 0.0 228000
1695870652971 0.0 232000
1695870725341 0.0 236000
1695870797489 0.0 240000
1695870869802 0.0 244000
1695870942246 0.0 248000
1695871014804 0.0 252000
1695871087082 0.0 256000
1695871159268 0.0 260000
1695871231689 0.0 264000
1695871304339 0.0 268000
