1695866460269 1.0 4000
1695866539210 1.0 8000
1695866617916 1.0 12000
1695866696140 1.0 16000
1695866774322 1.0 20000
1695866852812 1.0 24000
1695866931622 1.0 28000
1695867010490 1.0 32000
1695867089005 1.0 36000
1695867167905 1.0 40000
1695867246578 1.0 44000
1695867324912 1.0 48000
1695867398816 1.0 52000
1695867471299 1.0 56000
1695867543762 1.0 60000
1695867616327 1.0 64000
1695867688721 1.0 68000
1695867761201 1.0 72000
1695867833701 1.0 76000
1695867906018 1.0 80000
1695867978702 1.0 84000
1695868050998 1.0 88000
1695868123236 1.0 92000
1695868195446 1.0 96000
1695868267542 1.0 100000
1695868339897 1.0 104000
1695868412130 1.0 108000
1695868484308 1.0 112000
1695868556622 1.0 116000
1695868628889 1.0 120000
1695868701611 1.0 124000
1695868773951 1.0 128000
1695868846332 1.0 132000
1695868918362 1.0 136000
1695868990680 1.0 140000
1695869062783 1.0 144000
1695869135016 1.0 148000
1695869207442 1.0 152000
1695869279531 1.0 156000
1695869351778 1.0 160000
1695869424193 1.0 164000
1695869496399 1.0 168000
1695869568817 1.0 172000
1695869641100 1.0 176000
1695869713327 1.0 180000
1695869785812 1.0 184000
1695869858510 1.0 188000
1695869931191 1.0 192000
1695870003529 1.0 196000
1695870076054 1.0 200000
1695870148286 1.0 204000
1695870220411 1.0 208000
1695870291215 1.0 212000
1695870362963 1.0 216000
1695870434887 1.0 220000
1695870507412 1.0 224000
1695870580521 1.0 228000
1695870652998 1.0 232000
1695870725367 1.0 236000
1695870797515 1.0 240000
1695870869828 1.0 244000
1695870942270 1.0 248000
1695871014828 1.0 252000
1695871087105 1.0 256000
1695871159293 1.0 260000
1695871231713 1.0 264000
1695871304365 1.0 268000
