1695866460229 1.0 4000
1695866539182 1.0 8000
1695866617883 1.0 12000
1695866696111 1.0 16000
1695866774294 1.0 20000
1695866852780 1.0 24000
1695866931594 1.0 28000
1695867010459 1.0 32000
1695867088978 1.0 36000
1695867167877 1.0 40000
1695867246546 1.0 44000
1695867324881 1.0 48000
1695867398786 1.0 52000
1695867471266 1.0 56000
1695867543732 1.0 60000
1695867616297 1.0 64000
1695867688691 1.0 68000
1695867761172 1.0 72000
1695867833670 1.0 76000
1695867905990 1.0 80000
1695867978670 1.0 84000
1695868050967 1.0 88000
1695868123199 1.0 92000
1695868195412 1.0 96000
1695868267509 1.0 100000
1695868339866 1.0 104000
1695868412100 1.0 108000
1695868484278 1.0 112000
1695868556589 1.0 116000
1695868628857 1.0 120000
1695868701579 1.0 124000
1695868773919 1.0 128000
1695868846298 1.0 132000
1695868918329 1.0 136000
1695868990652 1.0 140000
1695869062751 1.0 144000
1695869134985 1.0 148000
1695869207408 1.0 152000
1695869279501 1.0 156000
1695869351746 1.0 160000
1695869424162 1.0 164000
1695869496368 1.0 168000
1695869568785 1.0 172000
1695869641067 1.0 176000
1695869713295 1.0 180000
1695869785781 1.0 184000
1695869858478 1.0 188000
1695869931159 1.0 192000
1695870003498 1.0 196000
1695870076022 1.0 200000
1695870148256 1.0 204000
1695870220380 1.0 208000
1695870291183 1.0 212000
1695870362935 1.0 216000
1695870434856 1.0 220000
1695870507381 1.0 224000
1695870580488 1.0 228000
1695870652964 1.0 232000
1695870725335 1.0 236000
1695870797483 1.0 240000
1695870869795 1.0 244000
1695870942239 1.0 248000
1695871014799 1.0 252000
1695871087076 1.0 256000
1695871159260 1.0 260000
1695871231682 1.0 264000
1695871304332 1.0 268000
