1695866460233 4000.0 4000
1695866539185 4000.0 8000
1695866617886 4000.0 12000
1695866696113 4000.0 16000
1695866774297 4000.0 20000
1695866852783 4000.0 24000
1695866931597 4000.0 28000
1695867010461 4000.0 32000
1695867088980 4000.0 36000
1695867167879 4000.0 40000
1695867246548 4000.0 44000
1695867324883 4000.0 48000
1695867398789 4000.0 52000
1695867471269 4000.0 56000
1695867543734 4000.0 60000
1695867616299 4000.0 64000
1695867688694 4000.0 68000
1695867761175 4000.0 72000
1695867833673 4000.0 76000
1695867905993 4000.0 80000
1695867978673 4000.0 84000
1695868050970 4000.0 88000
1695868123202 4000.0 92000
1695868195415 4000.0 96000
1695868267512 4000.0 100000
1695868339869 4000.0 104000
1695868412103 4000.0 108000
1695868484281 4000.0 112000
1695868556592 4000.0 116000
1695868628860 4000.0 120000
1695868701582 4000.0 124000
1695868773921 4000.0 128000
1695868846301 4000.0 132000
1695868918332 4000.0 136000
1695868990654 4000.0 140000
1695869062754 4000.0 144000
1695869134988 4000.0 148000
1695869207411 4000.0 152000
1695869279504 4000.0 156000
1695869351749 4000.0 160000
1695869424164 4000.0 164000
1695869496370 4000.0 168000
1695869568787 4000.0 172000
1695869641070 4000.0 176000
1695869713298 4000.0 180000
1695869785784 4000.0 184000
1695869858481 4000.0 188000
1695869931162 4000.0 192000
1695870003501 4000.0 196000
1695870076025 4000.0 200000
1695870148259 4000.0 204000
1695870220382 4000.0 208000
1695870291186 4000.0 212000
1695870362938 4000.0 216000
1695870434858 4000.0 220000
1695870507384 4000.0 224000
1695870580491 4000.0 228000
1695870652967 4000.0 232000
1695870725337 4000.0 236000
1695870797485 4000.0 240000
1695870869798 4000.0 244000
1695870942242 4000.0 248000
1695871014801 4000.0 252000
1695871087078 4000.0 256000
1695871159263 4000.0 260000
1695871231685 4000.0 264000
1695871304335 4000.0 268000
