1695866460266 1.0 4000
1695866539207 1.0 8000
1695866617913 1.0 12000
1695866696137 1.0 16000
1695866774320 1.0 20000
1695866852809 1.0 24000
1695866931619 1.0 28000
1695867010487 1.0 32000
1695867089003 1.0 36000
1695867167902 1.0 40000
1695867246575 1.0 44000
1695867324909 1.0 48000
1695867398813 1.0 52000
1695867471296 1.0 56000
1695867543759 1.0 60000
1695867616325 1.0 64000
1695867688719 1.0 68000
1695867761199 1.0 72000
1695867833698 1.0 76000
1695867906016 1.0 80000
1695867978699 1.0 84000
1695868050995 1.0 88000
1695868123233 1.0 92000
1695868195443 1.0 96000
1695868267539 1.0 100000
1695868339894 1.0 104000
1695868412127 1.0 108000
1695868484305 1.0 112000
1695868556620 1.0 116000
1695868628886 1.0 120000
1695868701609 1.0 124000
1695868773948 1.0 128000
1695868846329 1.0 132000
1695868918359 1.0 136000
1695868990677 1.0 140000
1695869062780 1.0 144000
1695869135013 1.0 148000
1695869207439 1.0 152000
1695869279528 1.0 156000
1695869351775 1.0 160000
1695869424190 1.0 164000
1695869496396 1.0 168000
1695869568815 1.0 172000
1695869641096 1.0 176000
1695869713324 1.0 180000
1695869785809 1.0 184000
1695869858507 1.0 188000
1695869931188 1.0 192000
1695870003526 1.0 196000
1695870076051 1.0 200000
1695870148283 1.0 204000
1695870220408 1.0 208000
1695870291213 1.0 212000
1695870362960 1.0 216000
1695870434884 1.0 220000
1695870507410 1.0 224000
1695870580519 1.0 228000
1695870652995 1.0 232000
1695870725364 1.0 236000
1695870797512 1.0 240000
1695870869825 1.0 244000
1695870942267 1.0 248000
1695871014825 1.0 252000
1695871087102 1.0 256000
1695871159290 1.0 260000
1695871231710 1.0 264000
1695871304363 1.0 268000
