1695866460272 10.0 4000
1695866539212 10.0 8000
1695866617918 10.0 12000
1695866696142 10.0 16000
1695866774325 10.0 20000
1695866852814 10.0 24000
1695866931625 10.0 28000
1695867010492 10.0 32000
1695867089007 10.0 36000
1695867167907 10.0 40000
1695867246581 10.0 44000
1695867324914 10.0 48000
1695867398818 10.0 52000
1695867471301 10.0 56000
1695867543764 10.0 60000
1695867616330 10.0 64000
1695867688723 10.0 68000
1695867761203 10.0 72000
1695867833703 10.0 76000
1695867906020 10.0 80000
1695867978704 10.0 84000
1695868051000 10.0 88000
1695868123238 10.0 92000
1695868195448 10.0 96000
1695868267544 10.0 100000
1695868339899 10.0 104000
1695868412133 10.0 108000
1695868484310 10.0 112000
1695868556624 10.0 116000
1695868628892 10.0 120000
1695868701614 10.0 124000
1695868773953 10.0 128000
1695868846334 10.0 132000
1695868918364 10.0 136000
1695868990682 10.0 140000
1695869062785 10.0 144000
1695869135018 10.0 148000
1695869207445 10.0 152000
1695869279533 10.0 156000
1695869351780 10.0 160000
1695869424195 10.0 164000
1695869496401 10.0 168000
1695869568820 10.0 172000
1695869641102 10.0 176000
1695869713329 10.0 180000
1695869785814 10.0 184000
1695869858512 10.0 188000
1695869931193 10.0 192000
1695870003531 10.0 196000
1695870076056 10.0 200000
1695870148288 10.0 204000
1695870220413 10.0 208000
1695870291217 10.0 212000
1695870362965 10.0 216000
1695870434889 10.0 220000
1695870507414 10.0 224000
1695870580523 10.0 228000
1695870653000 10.0 232000
1695870725369 10.0 236000
1695870797517 10.0 240000
1695870869830 10.0 244000
1695870942272 10.0 248000
1695871014830 10.0 252000
1695871087107 10.0 256000
1695871159295 10.0 260000
1695871231716 10.0 264000
1695871304367 10.0 268000
