1695866460258 60.0 4000
1695866539202 60.0 8000
1695866617907 60.0 12000
1695866696130 60.0 16000
1695866774313 60.0 20000
1695866852802 60.0 24000
1695866931613 60.0 28000
1695867010479 60.0 32000
1695867088996 60.0 36000
1695867167896 60.0 40000
1695867246569 60.0 44000
1695867324902 60.0 48000
1695867398806 60.0 52000
1695867471289 60.0 56000
1695867543752 60.0 60000
1695867616318 60.0 64000
1695867688713 60.0 68000
1695867761193 60.0 72000
1695867833692 60.0 76000
1695867906009 60.0 80000
1695867978693 60.0 84000
1695868050989 60.0 88000
1695868123225 60.0 92000
1695868195436 60.0 96000
1695868267532 60.0 100000
1695868339888 60.0 104000
1695868412120 60.0 108000
1695868484298 60.0 112000
1695868556613 60.0 116000
1695868628879 60.0 120000
1695868701602 60.0 124000
1695868773941 60.0 128000
1695868846322 60.0 132000
1695868918352 60.0 136000
1695868990671 60.0 140000
1695869062773 60.0 144000
1695869135007 60.0 148000
1695869207432 60.0 152000
1695869279521 60.0 156000
1695869351769 60.0 160000
1695869424184 60.0 164000
1695869496390 60.0 168000
1695869568808 60.0 172000
1695869641089 60.0 176000
1695869713318 60.0 180000
1695869785803 60.0 184000
1695869858501 60.0 188000
1695869931182 60.0 192000
1695870003520 60.0 196000
1695870076045 60.0 200000
1695870148277 60.0 204000
1695870220401 60.0 208000
1695870291206 60.0 212000
1695870362954 60.0 216000
1695870434878 60.0 220000
1695870507403 60.0 224000
1695870580512 60.0 228000
1695870652987 60.0 232000
1695870725357 60.0 236000
1695870797505 60.0 240000
1695870869818 60.0 244000
1695870942261 60.0 248000
1695871014818 60.0 252000
1695871087095 60.0 256000
1695871159284 60.0 260000
1695871231704 60.0 264000
1695871304356 60.0 268000
