1695866460258 1800.0 4000
1695866539202 1800.0 8000
1695866617908 1800.0 12000
1695866696131 1800.0 16000
1695866774314 1800.0 20000
1695866852803 1800.0 24000
1695866931614 1800.0 28000
1695867010480 1800.0 32000
1695867088997 1800.0 36000
1695867167896 1800.0 40000
1695867246569 1800.0 44000
1695867324903 1800.0 48000
1695867398807 1800.0 52000
1695867471289 1800.0 56000
1695867543752 1800.0 60000
1695867616318 1800.0 64000
1695867688713 1800.0 68000
1695867761194 1800.0 72000
1695867833692 1800.0 76000
1695867906010 1800.0 80000
1695867978694 1800.0 84000
1695868050989 1800.0 88000
1695868123226 1800.0 92000
1695868195437 1800.0 96000
1695868267532 1800.0 100000
1695868339888 1800.0 104000
1695868412121 1800.0 108000
1695868484299 1800.0 112000
1695868556614 1800.0 116000
1695868628880 1800.0 120000
1695868701602 1800.0 124000
1695868773942 1800.0 128000
1695868846323 1800.0 132000
1695868918353 1800.0 136000
1695868990672 1800.0 140000
1695869062774 1800.0 144000
1695869135008 1800.0 148000
1695869207432 1800.0 152000
1695869279522 1800.0 156000
1695869351769 1800.0 160000
1695869424184 1800.0 164000
1695869496391 1800.0 168000
1695869568808 1800.0 172000
1695869641089 1800.0 176000
1695869713318 1800.0 180000
1695869785803 1800.0 184000
1695869858502 1800.0 188000
1695869931182 1800.0 192000
1695870003520 1800.0 196000
1695870076045 1800.0 200000
1695870148277 1800.0 204000
1695870220402 1800.0 208000
1695870291207 1800.0 212000
1695870362955 1800.0 216000
1695870434878 1800.0 220000
1695870507404 1800.0 224000
1695870580512 1800.0 228000
1695870652988 1800.0 232000
1695870725358 1800.0 236000
1695870797506 1800.0 240000
1695870869819 1800.0 244000
1695870942262 1800.0 248000
1695871014819 1800.0 252000
1695871087096 1800.0 256000
1695871159284 1800.0 260000
1695871231704 1800.0 264000
1695871304357 1800.0 268000
