1695866460280 1.0 4000
1695866539219 1.0 8000
1695866617949 1.0 12000
1695866696171 1.0 16000
1695866774353 1.0 20000
1695866852841 1.0 24000
1695866931653 1.0 28000
1695867010523 1.0 32000
1695867089036 1.0 36000
1695867167935 1.0 40000
1695867246607 1.0 44000
1695867324943 1.0 48000
1695867398848 1.0 52000
1695867471327 1.0 56000
1695867543793 1.0 60000
1695867616358 1.0 64000
1695867688748 1.0 68000
1695867761228 1.0 72000
1695867833730 1.0 76000
1695867906049 1.0 80000
1695867978729 1.0 84000
1695868051028 1.0 88000
1695868123265 1.0 92000
1695868195472 1.0 96000
1695868267575 1.0 100000
1695868339927 1.0 104000
1695868412162 1.0 108000
1695868484339 1.0 112000
1695868556650 1.0 116000
1695868628920 1.0 120000
1695868701643 1.0 124000
1695868773983 1.0 128000
1695868846360 1.0 132000
1695868918394 1.0 136000
1695868990713 1.0 140000
1695869062810 1.0 144000
1695869135044 1.0 148000
1695869207473 1.0 152000
1695869279562 1.0 156000
1695869351805 1.0 160000
1695869424222 1.0 164000
1695869496425 1.0 168000
1695869568849 1.0 172000
1695869641130 1.0 176000
1695869713358 1.0 180000
1695869785842 1.0 184000
1695869858539 1.0 188000
1695869931219 1.0 192000
1695870003558 1.0 196000
1695870076082 1.0 200000
1695870148315 1.0 204000
1695870220441 1.0 208000
1695870291242 1.0 212000
1695870362990 1.0 216000
1695870434913 1.0 220000
1695870507439 1.0 224000
1695870580548 1.0 228000
1695870653032 1.0 232000
1695870725398 1.0 236000
1695870797545 1.0 240000
1695870869855 1.0 244000
1695870942297 1.0 248000
1695871014859 1.0 252000
1695871087136 1.0 256000
1695871159322 1.0 260000
1695871231742 1.0 264000
1695871304391 1.0 268000
