1695866460279 2.0 4000
1695866539218 2.0 8000
1695866617948 2.0 12000
1695866696170 2.0 16000
1695866774351 2.0 20000
1695866852840 2.0 24000
1695866931652 2.0 28000
1695867010522 2.0 32000
1695867089035 2.0 36000
1695867167934 2.0 40000
1695867246606 2.0 44000
1695867324942 2.0 48000
1695867398847 2.0 52000
1695867471326 2.0 56000
1695867543792 2.0 60000
1695867616357 2.0 64000
1695867688747 2.0 68000
1695867761227 2.0 72000
1695867833728 2.0 76000
1695867906048 2.0 80000
1695867978728 2.0 84000
1695868051027 2.0 88000
1695868123264 2.0 92000
1695868195472 2.0 96000
1695868267573 2.0 100000
1695868339926 2.0 104000
1695868412161 2.0 108000
1695868484338 2.0 112000
1695868556649 2.0 116000
1695868628919 2.0 120000
1695868701642 2.0 124000
1695868773981 2.0 128000
1695868846359 2.0 132000
1695868918393 2.0 136000
1695868990712 2.0 140000
1695869062809 2.0 144000
1695869135043 2.0 148000
1695869207472 2.0 152000
1695869279560 2.0 156000
1695869351803 2.0 160000
1695869424221 2.0 164000
1695869496424 2.0 168000
1695869568848 2.0 172000
1695869641129 2.0 176000
1695869713357 2.0 180000
1695869785841 2.0 184000
1695869858538 2.0 188000
1695869931218 2.0 192000
1695870003557 2.0 196000
1695870076081 2.0 200000
1695870148314 2.0 204000
1695870220440 2.0 208000
1695870291241 2.0 212000
1695870362989 2.0 216000
1695870434912 2.0 220000
1695870507438 2.0 224000
1695870580547 2.0 228000
1695870653031 2.0 232000
1695870725397 2.0 236000
1695870797544 2.0 240000
1695870869854 2.0 244000
1695870942296 2.0 248000
1695871014858 2.0 252000
1695871087135 2.0 256000
1695871159321 2.0 260000
1695871231741 2.0 264000
1695871304390 2.0 268000
