1695866460279 0.0 4000
1695866539218 0.0 8000
1695866617949 0.0 12000
1695866696170 0.0 16000
1695866774352 0.0 20000
1695866852840 0.0 24000
1695866931652 0.0 28000
1695867010522 0.0 32000
1695867089035 0.0 36000
1695867167935 0.0 40000
1695867246607 0.0 44000
1695867324942 0.0 48000
1695867398848 0.0 52000
1695867471327 0.0 56000
1695867543793 0.0 60000
1695867616358 0.0 64000
1695867688747 0.0 68000
1695867761227 0.0 72000
1695867833729 0.0 76000
1695867906049 0.0 80000
1695867978728 0.0 84000
1695868051028 0.0 88000
1695868123265 0.0 92000
1695868195472 0.0 96000
1695868267574 0.0 100000
1695868339927 0.0 104000
1695868412162 0.0 108000
1695868484338 0.0 112000
1695868556649 0.0 116000
1695868628919 0.0 120000
1695868701642 0.0 124000
1695868773982 0.0 128000
1695868846359 0.0 132000
1695868918393 0.0 136000
1695868990713 0.0 140000
1695869062810 0.0 144000
1695869135044 0.0 148000
1695869207473 0.0 152000
1695869279561 0.0 156000
1695869351804 0.0 160000
1695869424222 0.0 164000
1695869496424 0.0 168000
1695869568849 0.0 172000
1695869641129 0.0 176000
1695869713357 0.0 180000
1695869785841 0.0 184000
1695869858539 0.0 188000
1695869931218 0.0 192000
1695870003557 0.0 196000
1695870076082 0.0 200000
1695870148314 0.0 204000
1695870220440 0.0 208000
1695870291241 0.0 212000
1695870362989 0.0 216000
1695870434913 0.0 220000
1695870507438 0.0 224000
1695870580547 0.0 228000
1695870653032 0.0 232000
1695870725398 0.0 236000
1695870797545 0.0 240000
1695870869855 0.0 244000
1695870942296 0.0 248000
1695871014859 0.0 252000
1695871087135 0.0 256000
1695871159321 0.0 260000
1695871231741 0.0 264000
1695871304391 0.0 268000
