1695863975987 0.0 4000
1695864053861 0.0 8000
1695864131960 0.0 12000
1695864210315 0.0 16000
1695864289192 0.0 20000
1695864367943 0.0 24000
1695864446604 0.0 28000
1695864524933 0.0 32000
1695864603007 0.0 36000
1695864681296 0.0 40000
1695864759781 0.0 44000
1695864838341 0.0 48000
1695864917155 0.0 52000
1695864995618 0.0 56000
1695865073845 0.0 60000
1695865152215 0.0 64000
1695865230416 0.0 68000
1695865308685 0.0 72000
1695865386790 0.0 76000
1695865465410 0.0 80000
1695865543585 0.0 84000
1695865622133 0.0 88000
1695865700500 0.0 92000
1695865778940 0.0 96000
1695865857282 0.0 100000
1695865935638 0.0 104000
1695866013943 0.0 108000
1695866092368 0.0 112000
1695866170733 0.0 116000
1695866249412 0.0 120000
