1695863975987 0.0 4000
1695864053861 0.0 8000
1695864131959 0.0 12000
1695864210314 0.0 16000
1695864289192 0.0 20000
1695864367942 0.0 24000
1695864446604 0.0 28000
1695864524932 0.0 32000
1695864603007 0.0 36000
1695864681295 0.0 40000
1695864759781 0.0 44000
1695864838341 0.0 48000
1695864917154 0.0 52000
1695864995617 0.0 56000
1695865073844 0.0 60000
1695865152214 0.0 64000
1695865230415 0.0 68000
1695865308684 0.0 72000
1695865386789 0.0 76000
1695865465410 0.0 80000
1695865543584 0.0 84000
1695865622132 0.0 88000
1695865700499 0.0 92000
1695865778939 0.0 96000
1695865857281 0.0 100000
1695865935637 0.0 104000
1695866013942 0.0 108000
1695866092367 0.0 112000
1695866170733 0.0 116000
1695866249411 0.0 120000
