1695863975987 1.0 4000
1695864053861 1.0 8000
1695864131960 1.0 12000
1695864210314 1.0 16000
1695864289192 1.0 20000
1695864367942 1.0 24000
1695864446604 1.0 28000
1695864524932 1.0 32000
1695864603007 1.0 36000
1695864681296 1.0 40000
1695864759781 1.0 44000
1695864838341 1.0 48000
1695864917154 1.0 52000
1695864995618 1.0 56000
1695865073845 1.0 60000
1695865152215 1.0 64000
1695865230416 1.0 68000
1695865308684 1.0 72000
1695865386790 1.0 76000
1695865465410 1.0 80000
1695865543585 1.0 84000
1695865622133 1.0 88000
1695865700499 1.0 92000
1695865778940 1.0 96000
1695865857281 1.0 100000
1695865935637 1.0 104000
1695866013943 1.0 108000
1695866092367 1.0 112000
1695866170733 1.0 116000
1695866249412 1.0 120000
