1695863975969 0.0 4000
1695864053843 0.0 8000
1695864131943 0.0 12000
1695864210297 0.0 16000
1695864289178 0.0 20000
1695864367927 0.0 24000
1695864446589 0.0 28000
1695864524915 0.0 32000
1695864602992 0.0 36000
1695864681281 0.0 40000
1695864759766 0.0 44000
1695864838325 0.0 48000
1695864917138 0.0 52000
1695864995603 0.0 56000
1695865073829 0.0 60000
1695865152200 0.0 64000
1695865230400 0.0 68000
1695865308667 0.0 72000
1695865386772 0.0 76000
1695865465395 0.0 80000
1695865543569 0.0 84000
1695865622118 0.0 88000
1695865700485 0.0 92000
1695865778925 0.0 96000
1695865857262 0.0 100000
1695865935620 0.0 104000
1695866013928 0.0 108000
1695866092349 0.0 112000
1695866170718 0.0 116000
1695866249397 0.0 120000
