1695863975985 0.0 4000
1695864053859 0.0 8000
1695864131958 0.0 12000
1695864210313 0.0 16000
1695864289191 0.0 20000
1695864367941 0.0 24000
1695864446602 0.0 28000
1695864524931 0.0 32000
1695864603006 0.0 36000
1695864681294 0.0 40000
1695864759779 0.0 44000
1695864838340 0.0 48000
1695864917152 0.0 52000
1695864995616 0.0 56000
1695865073843 0.0 60000
1695865152213 0.0 64000
1695865230414 0.0 68000
1695865308683 0.0 72000
1695865386788 0.0 76000
1695865465409 0.0 80000
1695865543583 0.0 84000
1695865622131 0.0 88000
1695865700498 0.0 92000
1695865778938 0.0 96000
1695865857279 0.0 100000
1695865935635 0.0 104000
1695866013941 0.0 108000
1695866092365 0.0 112000
1695866170732 0.0 116000
1695866249410 0.0 120000
