1695863975956 0.0 4000
1695864053831 0.0 8000
1695864131931 0.0 12000
1695864210285 0.0 16000
1695864289167 0.0 20000
1695864367915 0.0 24000
1695864446578 0.0 28000
1695864524904 0.0 32000
1695864602981 0.0 36000
1695864681271 0.0 40000
1695864759755 0.0 44000
1695864838313 0.0 48000
1695864917125 0.0 52000
1695864995591 0.0 56000
1695865073817 0.0 60000
1695865152189 0.0 64000
1695865230388 0.0 68000
1695865308655 0.0 72000
1695865386760 0.0 76000
1695865465384 0.0 80000
1695865543557 0.0 84000
1695865622107 0.0 88000
1695865700474 0.0 92000
1695865778913 0.0 96000
1695865857249 0.0 100000
1695865935607 0.0 104000
1695866013916 0.0 108000
1695866092337 0.0 112000
1695866170707 0.0 116000
1695866249385 0.0 120000
