1695863975986 0.0 4000
1695864053860 0.0 8000
1695864131959 0.0 12000
1695864210313 0.0 16000
1695864289191 0.0 20000
1695864367941 0.0 24000
1695864446603 0.0 28000
1695864524931 0.0 32000
1695864603006 0.0 36000
1695864681294 0.0 40000
1695864759780 0.0 44000
1695864838340 0.0 48000
1695864917153 0.0 52000
1695864995617 0.0 56000
1695865073844 0.0 60000
1695865152214 0.0 64000
1695865230415 0.0 68000
1695865308683 0.0 72000
1695865386789 0.0 76000
1695865465409 0.0 80000
1695865543584 0.0 84000
1695865622132 0.0 88000
1695865700498 0.0 92000
1695865778939 0.0 96000
1695865857280 0.0 100000
1695865935636 0.0 104000
1695866013942 0.0 108000
1695866092366 0.0 112000
1695866170732 0.0 116000
1695866249411 0.0 120000
