1695863975971 0.0 4000
1695864053844 0.0 8000
1695864131944 0.0 12000
1695864210298 0.0 16000
1695864289179 0.0 20000
1695864367928 0.0 24000
1695864446590 0.0 28000
1695864524917 0.0 32000
1695864602993 0.0 36000
1695864681282 0.0 40000
1695864759767 0.0 44000
1695864838326 0.0 48000
1695864917139 0.0 52000
1695864995604 0.0 56000
1695865073830 0.0 60000
1695865152201 0.0 64000
1695865230401 0.0 68000
1695865308669 0.0 72000
1695865386774 0.0 76000
1695865465396 0.0 80000
1695865543570 0.0 84000
1695865622119 0.0 88000
1695865700486 0.0 92000
1695865778926 0.0 96000
1695865857264 0.0 100000
1695865935621 0.0 104000
1695866013929 0.0 108000
1695866092351 0.0 112000
1695866170720 0.0 116000
1695866249398 0.0 120000
