1695863975962 1.0 4000
1695864053837 1.0 8000
1695864131937 1.0 12000
1695864210291 1.0 16000
1695864289172 1.0 20000
1695864367921 1.0 24000
1695864446584 1.0 28000
1695864524909 1.0 32000
1695864602987 1.0 36000
1695864681276 1.0 40000
1695864759760 1.0 44000
1695864838318 1.0 48000
1695864917131 1.0 52000
1695864995597 1.0 56000
1695865073823 1.0 60000
1695865152194 1.0 64000
1695865230393 1.0 68000
1695865308660 1.0 72000
1695865386766 1.0 76000
1695865465390 1.0 80000
1695865543562 1.0 84000
1695865622113 1.0 88000
1695865700479 1.0 92000
1695865778919 1.0 96000
1695865857255 1.0 100000
1695865935613 1.0 104000
1695866013922 1.0 108000
1695866092343 1.0 112000
1695866170713 1.0 116000
1695866249390 1.0 120000
