1695863975980 0.0 4000
1695864053854 0.0 8000
1695864131953 0.0 12000
1695864210307 0.0 16000
1695864289186 0.0 20000
1695864367936 0.0 24000
1695864446598 0.0 28000
1695864524925 0.0 32000
1695864603001 0.0 36000
1695864681290 0.0 40000
1695864759775 0.0 44000
1695864838334 0.0 48000
1695864917147 0.0 52000
1695864995612 0.0 56000
1695865073838 0.0 60000
1695865152209 0.0 64000
1695865230410 0.0 68000
1695865308677 0.0 72000
1695865386783 0.0 76000
1695865465404 0.0 80000
1695865543579 0.0 84000
1695865622127 0.0 88000
1695865700494 0.0 92000
1695865778934 0.0 96000
1695865857274 0.0 100000
1695865935630 0.0 104000
1695866013937 0.0 108000
1695866092360 0.0 112000
1695866170727 0.0 116000
1695866249406 0.0 120000
