1695863975993 0.3 4000
1695864053867 0.3 8000
1695864131966 0.3 12000
1695864210320 0.3 16000
1695864289197 0.3 20000
1695864367948 0.3 24000
1695864446609 0.3 28000
1695864524939 0.3 32000
1695864603012 0.3 36000
1695864681301 0.3 40000
1695864759786 0.3 44000
1695864838347 0.3 48000
1695864917161 0.3 52000
1695864995623 0.3 56000
1695865073850 0.3 60000
1695865152220 0.3 64000
1695865230421 0.3 68000
1695865308690 0.3 72000
1695865386796 0.3 76000
1695865465415 0.3 80000
1695865543590 0.3 84000
1695865622138 0.3 88000
1695865700505 0.3 92000
1695865778945 0.3 96000
1695865857288 0.3 100000
1695865935643 0.3 104000
1695866013948 0.3 108000
1695866092374 0.3 112000
1695866170738 0.3 116000
1695866249417 0.3 120000
