1695863975995 0.0 4000
1695864053871 0.0 8000
1695864131968 0.0 12000
1695864210323 0.0 16000
1695864289199 0.0 20000
1695864367950 0.0 24000
1695864446611 0.0 28000
1695864524941 0.0 32000
1695864603014 0.0 36000
1695864681302 0.0 40000
1695864759788 0.0 44000
1695864838349 0.0 48000
1695864917163 0.0 52000
1695864995624 0.0 56000
1695865073852 0.0 60000
1695865152222 0.0 64000
1695865230423 0.0 68000
1695865308692 0.0 72000
1695865386798 0.0 76000
1695865465417 0.0 80000
1695865543592 0.0 84000
1695865622140 0.0 88000
1695865700506 0.0 92000
1695865778947 0.0 96000
1695865857291 0.0 100000
1695865935645 0.0 104000
1695866013950 0.0 108000
1695866092376 0.0 112000
1695866170740 0.0 116000
1695866249419 0.0 120000
