1695863975983 60.0 4000
1695864053857 60.0 8000
1695864131956 60.0 12000
1695864210311 60.0 16000
1695864289189 60.0 20000
1695864367939 60.0 24000
1695864446601 60.0 28000
1695864524928 60.0 32000
1695864603004 60.0 36000
1695864681292 60.0 40000
1695864759778 60.0 44000
1695864838338 60.0 48000
1695864917150 60.0 52000
1695864995614 60.0 56000
1695865073841 60.0 60000
1695865152212 60.0 64000
1695865230412 60.0 68000
1695865308681 60.0 72000
1695865386786 60.0 76000
1695865465407 60.0 80000
1695865543581 60.0 84000
1695865622129 60.0 88000
1695865700496 60.0 92000
1695865778936 60.0 96000
1695865857277 60.0 100000
1695865935633 60.0 104000
1695866013940 60.0 108000
1695866092363 60.0 112000
1695866170730 60.0 116000
1695866249408 60.0 120000
