1695863975961 0.0 4000
1695864053836 0.0 8000
1695864131936 0.0 12000
1695864210290 0.0 16000
1695864289171 0.0 20000
1695864367920 0.0 24000
1695864446583 0.0 28000
1695864524908 0.0 32000
1695864602986 0.0 36000
1695864681275 0.0 40000
1695864759759 0.0 44000
1695864838317 0.0 48000
1695864917130 0.0 52000
1695864995596 0.0 56000
1695865073822 0.0 60000
1695865152193 0.0 64000
1695865230392 0.0 68000
1695865308659 0.0 72000
1695865386765 0.0 76000
1695865465389 0.0 80000
1695865543561 0.0 84000
1695865622112 0.0 88000
1695865700478 0.0 92000
1695865778918 0.0 96000
1695865857254 0.0 100000
1695865935612 0.0 104000
1695866013921 0.0 108000
1695866092342 0.0 112000
1695866170712 0.0 116000
1695866249389 0.0 120000
