1695863975959 20.0 4000
1695864053834 20.0 8000
1695864131934 20.0 12000
1695864210288 20.0 16000
1695864289170 20.0 20000
1695864367918 20.0 24000
1695864446581 20.0 28000
1695864524906 20.0 32000
1695864602984 20.0 36000
1695864681273 20.0 40000
1695864759758 20.0 44000
1695864838315 20.0 48000
1695864917128 20.0 52000
1695864995594 20.0 56000
1695865073820 20.0 60000
1695865152192 20.0 64000
1695865230391 20.0 68000
1695865308657 20.0 72000
1695865386763 20.0 76000
1695865465387 20.0 80000
1695865543560 20.0 84000
1695865622110 20.0 88000
1695865700476 20.0 92000
1695865778916 20.0 96000
1695865857252 20.0 100000
1695865935610 20.0 104000
1695866013919 20.0 108000
1695866092340 20.0 112000
1695866170710 20.0 116000
1695866249387 20.0 120000
