1695863975966 0.0 4000
1695864053841 0.0 8000
1695864131941 0.0 12000
1695864210295 0.0 16000
1695864289176 0.0 20000
1695864367925 0.0 24000
1695864446587 0.0 28000
1695864524913 0.0 32000
1695864602990 0.0 36000
1695864681279 0.0 40000
1695864759764 0.0 44000
1695864838322 0.0 48000
1695864917135 0.0 52000
1695864995601 0.0 56000
1695865073827 0.0 60000
1695865152198 0.0 64000
1695865230397 0.0 68000
1695865308665 0.0 72000
1695865386770 0.0 76000
1695865465393 0.0 80000
1695865543567 0.0 84000
1695865622116 0.0 88000
1695865700483 0.0 92000
1695865778923 0.0 96000
1695865857259 0.0 100000
1695865935617 0.0 104000
1695866013926 0.0 108000
1695866092347 0.0 112000
1695866170716 0.0 116000
1695866249394 0.0 120000
