1695863975993 0.0 4000
1695864053866 0.0 8000
1695864131965 0.0 12000
1695864210320 0.0 16000
1695864289197 0.0 20000
1695864367948 0.0 24000
1695864446609 0.0 28000
1695864524938 0.0 32000
1695864603012 0.0 36000
1695864681300 0.0 40000
1695864759786 0.0 44000
1695864838346 0.0 48000
1695864917160 0.0 52000
1695864995622 0.0 56000
1695865073850 0.0 60000
1695865152219 0.0 64000
1695865230420 0.0 68000
1695865308689 0.0 72000
1695865386795 0.0 76000
1695865465415 0.0 80000
1695865543590 0.0 84000
1695865622137 0.0 88000
1695865700504 0.0 92000
1695865778945 0.0 96000
1695865857288 0.0 100000
1695865935643 0.0 104000
1695866013947 0.0 108000
1695866092373 0.0 112000
1695866170738 0.0 116000
1695866249416 0.0 120000
