1695863975970 1.0 4000
1695864053844 1.0 8000
1695864131943 1.0 12000
1695864210297 1.0 16000
1695864289178 1.0 20000
1695864367927 1.0 24000
1695864446590 1.0 28000
1695864524916 1.0 32000
1695864602993 1.0 36000
1695864681281 1.0 40000
1695864759766 1.0 44000
1695864838325 1.0 48000
1695864917138 1.0 52000
1695864995603 1.0 56000
1695865073829 1.0 60000
1695865152201 1.0 64000
1695865230400 1.0 68000
1695865308668 1.0 72000
1695865386773 1.0 76000
1695865465396 1.0 80000
1695865543570 1.0 84000
1695865622119 1.0 88000
1695865700485 1.0 92000
1695865778925 1.0 96000
1695865857263 1.0 100000
1695865935620 1.0 104000
1695866013929 1.0 108000
1695866092350 1.0 112000
1695866170719 1.0 116000
1695866249397 1.0 120000
