1695863975981 0.0 4000
1695864053855 0.0 8000
1695864131954 0.0 12000
1695864210308 0.0 16000
1695864289187 0.0 20000
1695864367937 0.0 24000
1695864446599 0.0 28000
1695864524926 0.0 32000
1695864603002 0.0 36000
1695864681290 0.0 40000
1695864759776 0.0 44000
1695864838335 0.0 48000
1695864917148 0.0 52000
1695864995612 0.0 56000
1695865073839 0.0 60000
1695865152210 0.0 64000
1695865230410 0.0 68000
1695865308678 0.0 72000
1695865386783 0.0 76000
1695865465405 0.0 80000
1695865543580 0.0 84000
1695865622128 0.0 88000
1695865700494 0.0 92000
1695865778935 0.0 96000
1695865857275 0.0 100000
1695865935631 0.0 104000
1695866013938 0.0 108000
1695866092361 0.0 112000
1695866170728 0.0 116000
1695866249406 0.0 120000
