1695863975967 0.99 4000
1695864053841 0.99 8000
1695864131941 0.99 12000
1695864210295 0.99 16000
1695864289176 0.99 20000
1695864367925 0.99 24000
1695864446587 0.99 28000
1695864524914 0.99 32000
1695864602991 0.99 36000
1695864681280 0.99 40000
1695864759764 0.99 44000
1695864838323 0.99 48000
1695864917136 0.99 52000
1695864995601 0.99 56000
1695865073827 0.99 60000
1695865152199 0.99 64000
1695865230398 0.99 68000
1695865308665 0.99 72000
1695865386771 0.99 76000
1695865465394 0.99 80000
1695865543567 0.99 84000
1695865622117 0.99 88000
1695865700483 0.99 92000
1695865778923 0.99 96000
1695865857260 0.99 100000
1695865935618 0.99 104000
1695866013926 0.99 108000
1695866092348 0.99 112000
1695866170717 0.99 116000
1695866249395 0.99 120000
