1695863975977 0.0 4000
1695864053851 0.0 8000
1695864131950 0.0 12000
1695864210305 0.0 16000
1695864289184 0.0 20000
1695864367934 0.0 24000
1695864446596 0.0 28000
1695864524923 0.0 32000
1695864602999 0.0 36000
1695864681287 0.0 40000
1695864759773 0.0 44000
1695864838332 0.0 48000
1695864917145 0.0 52000
1695864995609 0.0 56000
1695865073836 0.0 60000
1695865152207 0.0 64000
1695865230407 0.0 68000
1695865308675 0.0 72000
1695865386780 0.0 76000
1695865465401 0.0 80000
1695865543576 0.0 84000
1695865622125 0.0 88000
1695865700491 0.0 92000
1695865778932 0.0 96000
1695865857271 0.0 100000
1695865935628 0.0 104000
1695866013935 0.0 108000
1695866092357 0.0 112000
1695866170725 0.0 116000
1695866249403 0.0 120000
