1695863975990 0.2 4000
1695864053864 0.2 8000
1695864131963 0.2 12000
1695864210318 0.2 16000
1695864289195 0.2 20000
1695864367946 0.2 24000
1695864446607 0.2 28000
1695864524936 0.2 32000
1695864603010 0.2 36000
1695864681298 0.2 40000
1695864759784 0.2 44000
1695864838344 0.2 48000
1695864917158 0.2 52000
1695864995621 0.2 56000
1695865073848 0.2 60000
1695865152218 0.2 64000
1695865230419 0.2 68000
1695865308687 0.2 72000
1695865386793 0.2 76000
1695865465413 0.2 80000
1695865543588 0.2 84000
1695865622136 0.2 88000
1695865700502 0.2 92000
1695865778943 0.2 96000
1695865857285 0.2 100000
1695865935640 0.2 104000
1695866013946 0.2 108000
1695866092371 0.2 112000
1695866170736 0.2 116000
1695866249415 0.2 120000
