1695863975994 0.01 4000
1695864053867 0.01 8000
1695864131967 0.01 12000
1695864210321 0.01 16000
1695864289198 0.01 20000
1695864367949 0.01 24000
1695864446610 0.01 28000
1695864524940 0.01 32000
1695864603013 0.01 36000
1695864681301 0.01 40000
1695864759787 0.01 44000
1695864838348 0.01 48000
1695864917161 0.01 52000
1695864995623 0.01 56000
1695865073851 0.01 60000
1695865152220 0.01 64000
1695865230422 0.01 68000
1695865308691 0.01 72000
1695865386797 0.01 76000
1695865465416 0.01 80000
1695865543591 0.01 84000
1695865622139 0.01 88000
1695865700505 0.01 92000
1695865778946 0.01 96000
1695865857289 0.01 100000
1695865935644 0.01 104000
1695866013949 0.01 108000
1695866092374 0.01 112000
1695866170739 0.01 116000
1695866249418 0.01 120000
