1695863975995 1.0 4000
1695864053870 1.0 8000
1695864131968 1.0 12000
1695864210322 1.0 16000
1695864289198 1.0 20000
1695864367950 1.0 24000
1695864446610 1.0 28000
1695864524940 1.0 32000
1695864603014 1.0 36000
1695864681302 1.0 40000
1695864759788 1.0 44000
1695864838348 1.0 48000
1695864917162 1.0 52000
1695864995624 1.0 56000
1695865073852 1.0 60000
1695865152221 1.0 64000
1695865230422 1.0 68000
1695865308691 1.0 72000
1695865386797 1.0 76000
1695865465416 1.0 80000
1695865543592 1.0 84000
1695865622139 1.0 88000
1695865700506 1.0 92000
1695865778946 1.0 96000
1695865857290 1.0 100000
1695865935645 1.0 104000
1695866013949 1.0 108000
1695866092375 1.0 112000
1695866170740 1.0 116000
1695866249418 1.0 120000
