1695863975958 0.0 4000
1695864053833 0.0 8000
1695864131933 0.0 12000
1695864210287 0.0 16000
1695864289169 0.0 20000
1695864367917 0.0 24000
1695864446580 0.0 28000
1695864524906 0.0 32000
1695864602983 0.0 36000
1695864681273 0.0 40000
1695864759757 0.0 44000
1695864838314 0.0 48000
1695864917127 0.0 52000
1695864995593 0.0 56000
1695865073819 0.0 60000
1695865152191 0.0 64000
1695865230390 0.0 68000
1695865308657 0.0 72000
1695865386762 0.0 76000
1695865465386 0.0 80000
1695865543559 0.0 84000
1695865622109 0.0 88000
1695865700476 0.0 92000
1695865778915 0.0 96000
1695865857251 0.0 100000
1695865935609 0.0 104000
1695866013918 0.0 108000
1695866092339 0.0 112000
1695866170709 0.0 116000
1695866249387 0.0 120000
