1695863975980 1.0 4000
1695864053855 1.0 8000
1695864131954 1.0 12000
1695864210308 1.0 16000
1695864289187 1.0 20000
1695864367937 1.0 24000
1695864446598 1.0 28000
1695864524926 1.0 32000
1695864603001 1.0 36000
1695864681290 1.0 40000
1695864759775 1.0 44000
1695864838335 1.0 48000
1695864917148 1.0 52000
1695864995612 1.0 56000
1695865073839 1.0 60000
1695865152209 1.0 64000
1695865230410 1.0 68000
1695865308678 1.0 72000
1695865386783 1.0 76000
1695865465404 1.0 80000
1695865543579 1.0 84000
1695865622127 1.0 88000
1695865700494 1.0 92000
1695865778934 1.0 96000
1695865857275 1.0 100000
1695865935631 1.0 104000
1695866013937 1.0 108000
1695866092360 1.0 112000
1695866170728 1.0 116000
1695866249406 1.0 120000
