1695863975967 5e-05 4000
1695864053842 5e-05 8000
1695864131942 5e-05 12000
1695864210296 5e-05 16000
1695864289176 5e-05 20000
1695864367926 5e-05 24000
1695864446588 5e-05 28000
1695864524914 5e-05 32000
1695864602991 5e-05 36000
1695864681280 5e-05 40000
1695864759765 5e-05 44000
1695864838323 5e-05 48000
1695864917136 5e-05 52000
1695864995602 5e-05 56000
1695865073827 5e-05 60000
1695865152199 5e-05 64000
1695865230398 5e-05 68000
1695865308666 5e-05 72000
1695865386771 5e-05 76000
1695865465394 5e-05 80000
1695865543568 5e-05 84000
1695865622117 5e-05 88000
1695865700484 5e-05 92000
1695865778924 5e-05 96000
1695865857261 5e-05 100000
1695865935618 5e-05 104000
1695866013927 5e-05 108000
1695866092348 5e-05 112000
1695866170717 5e-05 116000
1695866249395 5e-05 120000
