1695863975969 2.0 4000
1695864053843 2.0 8000
1695864131943 2.0 12000
1695864210297 2.0 16000
1695864289177 2.0 20000
1695864367926 2.0 24000
1695864446589 2.0 28000
1695864524915 2.0 32000
1695864602992 2.0 36000
1695864681281 2.0 40000
1695864759766 2.0 44000
1695864838324 2.0 48000
1695864917137 2.0 52000
1695864995602 2.0 56000
1695865073828 2.0 60000
1695865152200 2.0 64000
1695865230399 2.0 68000
1695865308667 2.0 72000
1695865386772 2.0 76000
1695865465395 2.0 80000
1695865543569 2.0 84000
1695865622118 2.0 88000
1695865700485 2.0 92000
1695865778924 2.0 96000
1695865857262 2.0 100000
1695865935619 2.0 104000
1695866013928 2.0 108000
1695866092349 2.0 112000
1695866170718 2.0 116000
1695866249396 2.0 120000
