1695863975983 1000.0 4000
1695864053857 1000.0 8000
1695864131956 1000.0 12000
1695864210310 1000.0 16000
1695864289188 1000.0 20000
1695864367938 1000.0 24000
1695864446600 1000.0 28000
1695864524928 1000.0 32000
1695864603003 1000.0 36000
1695864681292 1000.0 40000
1695864759777 1000.0 44000
1695864838337 1000.0 48000
1695864917150 1000.0 52000
1695864995614 1000.0 56000
1695865073841 1000.0 60000
1695865152211 1000.0 64000
1695865230412 1000.0 68000
1695865308680 1000.0 72000
1695865386785 1000.0 76000
1695865465406 1000.0 80000
1695865543581 1000.0 84000
1695865622129 1000.0 88000
1695865700496 1000.0 92000
1695865778936 1000.0 96000
1695865857277 1000.0 100000
1695865935633 1000.0 104000
1695866013939 1000.0 108000
1695866092363 1000.0 112000
1695866170729 1000.0 116000
1695866249408 1000.0 120000
