1695863975978 100.0 4000
1695864053852 100.0 8000
1695864131951 100.0 12000
1695864210305 100.0 16000
1695864289185 100.0 20000
1695864367935 100.0 24000
1695864446596 100.0 28000
1695864524924 100.0 32000
1695864602999 100.0 36000
1695864681288 100.0 40000
1695864759774 100.0 44000
1695864838333 100.0 48000
1695864917146 100.0 52000
1695864995610 100.0 56000
1695865073837 100.0 60000
1695865152207 100.0 64000
1695865230408 100.0 68000
1695865308676 100.0 72000
1695865386781 100.0 76000
1695865465402 100.0 80000
1695865543577 100.0 84000
1695865622125 100.0 88000
1695865700492 100.0 92000
1695865778932 100.0 96000
1695865857272 100.0 100000
1695865935628 100.0 104000
1695866013935 100.0 108000
1695866092358 100.0 112000
1695866170726 100.0 116000
1695866249404 100.0 120000
