1695863975978 60.0 4000
1695864053852 60.0 8000
1695864131951 60.0 12000
1695864210305 60.0 16000
1695864289184 60.0 20000
1695864367934 60.0 24000
1695864446596 60.0 28000
1695864524923 60.0 32000
1695864602999 60.0 36000
1695864681288 60.0 40000
1695864759773 60.0 44000
1695864838333 60.0 48000
1695864917145 60.0 52000
1695864995610 60.0 56000
1695865073836 60.0 60000
1695865152207 60.0 64000
1695865230407 60.0 68000
1695865308675 60.0 72000
1695865386780 60.0 76000
1695865465402 60.0 80000
1695865543577 60.0 84000
1695865622125 60.0 88000
1695865700492 60.0 92000
1695865778932 60.0 96000
1695865857272 60.0 100000
1695865935628 60.0 104000
1695866013935 60.0 108000
1695866092358 60.0 112000
1695866170725 60.0 116000
1695866249404 60.0 120000
