1695863975979 0.0 4000
1695864053853 0.0 8000
1695864131952 0.0 12000
1695864210306 0.0 16000
1695864289186 0.0 20000
1695864367935 0.0 24000
1695864446597 0.0 28000
1695864524925 0.0 32000
1695864603000 0.0 36000
1695864681289 0.0 40000
1695864759774 0.0 44000
1695864838334 0.0 48000
1695864917146 0.0 52000
1695864995611 0.0 56000
1695865073837 0.0 60000
1695865152208 0.0 64000
1695865230409 0.0 68000
1695865308677 0.0 72000
1695865386782 0.0 76000
1695865465403 0.0 80000
1695865543578 0.0 84000
1695865622126 0.0 88000
1695865700493 0.0 92000
1695865778933 0.0 96000
1695865857273 0.0 100000
1695865935629 0.0 104000
1695866013936 0.0 108000
1695866092359 0.0 112000
1695866170726 0.0 116000
1695866249405 0.0 120000
