1695863975960 1.0 4000
1695864053835 1.0 8000
1695864131935 1.0 12000
1695864210289 1.0 16000
1695864289170 1.0 20000
1695864367919 1.0 24000
1695864446582 1.0 28000
1695864524907 1.0 32000
1695864602985 1.0 36000
1695864681274 1.0 40000
1695864759759 1.0 44000
1695864838316 1.0 48000
1695864917129 1.0 52000
1695864995595 1.0 56000
1695865073821 1.0 60000
1695865152193 1.0 64000
1695865230392 1.0 68000
1695865308658 1.0 72000
1695865386764 1.0 76000
1695865465388 1.0 80000
1695865543561 1.0 84000
1695865622111 1.0 88000
1695865700477 1.0 92000
1695865778917 1.0 96000
1695865857253 1.0 100000
1695865935611 1.0 104000
1695866013920 1.0 108000
1695866092341 1.0 112000
1695866170711 1.0 116000
1695866249389 1.0 120000
