1695863975991 30.0 4000
1695864053865 30.0 8000
1695864131964 30.0 12000
1695864210319 30.0 16000
1695864289196 30.0 20000
1695864367946 30.0 24000
1695864446607 30.0 28000
1695864524937 30.0 32000
1695864603011 30.0 36000
1695864681299 30.0 40000
1695864759785 30.0 44000
1695864838345 30.0 48000
1695864917158 30.0 52000
1695864995621 30.0 56000
1695865073849 30.0 60000
1695865152218 30.0 64000
1695865230419 30.0 68000
1695865308688 30.0 72000
1695865386794 30.0 76000
1695865465414 30.0 80000
1695865543589 30.0 84000
1695865622136 30.0 88000
1695865700503 30.0 92000
1695865778943 30.0 96000
1695865857286 30.0 100000
1695865935641 30.0 104000
1695866013946 30.0 108000
1695866092372 30.0 112000
1695866170737 30.0 116000
1695866249415 30.0 120000
