1695863975954 0.0 4000
1695864053830 0.0 8000
1695864131930 0.0 12000
1695864210283 0.0 16000
1695864289166 0.0 20000
1695864367914 0.0 24000
1695864446577 0.0 28000
1695864524902 0.0 32000
1695864602980 0.0 36000
1695864681269 0.0 40000
1695864759754 0.0 44000
1695864838311 0.0 48000
1695864917124 0.0 52000
1695864995590 0.0 56000
1695865073816 0.0 60000
1695865152188 0.0 64000
1695865230387 0.0 68000
1695865308653 0.0 72000
1695865386759 0.0 76000
1695865465383 0.0 80000
1695865543556 0.0 84000
1695865622106 0.0 88000
1695865700472 0.0 92000
1695865778912 0.0 96000
1695865857248 0.0 100000
1695865935606 0.0 104000
1695866013915 0.0 108000
1695866092336 0.0 112000
1695866170706 0.0 116000
1695866249383 0.0 120000
