1695863975957 1.0 4000
1695864053832 1.0 8000
1695864131933 1.0 12000
1695864210286 1.0 16000
1695864289168 1.0 20000
1695864367917 1.0 24000
1695864446580 1.0 28000
1695864524905 1.0 32000
1695864602983 1.0 36000
1695864681272 1.0 40000
1695864759756 1.0 44000
1695864838314 1.0 48000
1695864917127 1.0 52000
1695864995593 1.0 56000
1695865073819 1.0 60000
1695865152190 1.0 64000
1695865230389 1.0 68000
1695865308656 1.0 72000
1695865386762 1.0 76000
1695865465386 1.0 80000
1695865543558 1.0 84000
1695865622109 1.0 88000
1695865700475 1.0 92000
1695865778915 1.0 96000
1695865857251 1.0 100000
1695865935609 1.0 104000
1695866013918 1.0 108000
1695866092338 1.0 112000
1695866170709 1.0 116000
1695866249386 1.0 120000
