1695863975957 0.0 4000
1695864053832 0.0 8000
1695864131932 0.0 12000
1695864210286 0.0 16000
1695864289168 0.0 20000
1695864367916 0.0 24000
1695864446579 0.0 28000
1695864524905 0.0 32000
1695864602982 0.0 36000
1695864681272 0.0 40000
1695864759756 0.0 44000
1695864838314 0.0 48000
1695864917126 0.0 52000
1695864995592 0.0 56000
1695865073818 0.0 60000
1695865152190 0.0 64000
1695865230389 0.0 68000
1695865308656 0.0 72000
1695865386761 0.0 76000
1695865465385 0.0 80000
1695865543558 0.0 84000
1695865622108 0.0 88000
1695865700475 0.0 92000
1695865778914 0.0 96000
1695865857250 0.0 100000
1695865935608 0.0 104000
1695866013917 0.0 108000
1695866092338 0.0 112000
1695866170708 0.0 116000
1695866249386 0.0 120000
