1695863975955 1.0 4000
1695864053830 1.0 8000
1695864131930 1.0 12000
1695864210284 1.0 16000
1695864289166 1.0 20000
1695864367914 1.0 24000
1695864446577 1.0 28000
1695864524903 1.0 32000
1695864602980 1.0 36000
1695864681270 1.0 40000
1695864759754 1.0 44000
1695864838312 1.0 48000
1695864917124 1.0 52000
1695864995590 1.0 56000
1695865073816 1.0 60000
1695865152188 1.0 64000
1695865230387 1.0 68000
1695865308654 1.0 72000
1695865386760 1.0 76000
1695865465384 1.0 80000
1695865543556 1.0 84000
1695865622106 1.0 88000
1695865700473 1.0 92000
1695865778912 1.0 96000
1695865857248 1.0 100000
1695865935607 1.0 104000
1695866013915 1.0 108000
1695866092336 1.0 112000
1695866170706 1.0 116000
1695866249384 1.0 120000
