1695863975996 10.0 4000
1695864053873 10.0 8000
1695864131969 10.0 12000
1695864210323 10.0 16000
1695864289199 10.0 20000
1695864367951 10.0 24000
1695864446611 10.0 28000
1695864524942 10.0 32000
1695864603015 10.0 36000
1695864681303 10.0 40000
1695864759789 10.0 44000
1695864838349 10.0 48000
1695864917164 10.0 52000
1695864995625 10.0 56000
1695865073853 10.0 60000
1695865152222 10.0 64000
1695865230423 10.0 68000
1695865308693 10.0 72000
1695865386799 10.0 76000
1695865465418 10.0 80000
1695865543593 10.0 84000
1695865622140 10.0 88000
1695865700507 10.0 92000
1695865778947 10.0 96000
1695865857291 10.0 100000
1695865935646 10.0 104000
1695866013950 10.0 108000
1695866092377 10.0 112000
1695866170741 10.0 116000
1695866249419 10.0 120000
