1695863975973 0.0 4000
1695864053846 0.0 8000
1695864131946 0.0 12000
1695864210300 0.0 16000
1695864289180 0.0 20000
1695864367930 0.0 24000
1695864446592 0.0 28000
1695864524918 0.0 32000
1695864602995 0.0 36000
1695864681284 0.0 40000
1695864759769 0.0 44000
1695864838328 0.0 48000
1695864917141 0.0 52000
1695864995605 0.0 56000
1695865073832 0.0 60000
1695865152203 0.0 64000
1695865230403 0.0 68000
1695865308671 0.0 72000
1695865386776 0.0 76000
1695865465398 0.0 80000
1695865543572 0.0 84000
1695865622121 0.0 88000
1695865700488 0.0 92000
1695865778928 0.0 96000
1695865857266 0.0 100000
1695865935623 0.0 104000
1695866013931 0.0 108000
1695866092353 0.0 112000
1695866170721 0.0 116000
1695866249400 0.0 120000
