1695863975974 1.0 4000
1695864053848 1.0 8000
1695864131948 1.0 12000
1695864210302 1.0 16000
1695864289182 1.0 20000
1695864367931 1.0 24000
1695864446593 1.0 28000
1695864524920 1.0 32000
1695864602996 1.0 36000
1695864681285 1.0 40000
1695864759770 1.0 44000
1695864838330 1.0 48000
1695864917142 1.0 52000
1695864995607 1.0 56000
1695865073833 1.0 60000
1695865152204 1.0 64000
1695865230404 1.0 68000
1695865308672 1.0 72000
1695865386777 1.0 76000
1695865465399 1.0 80000
1695865543574 1.0 84000
1695865622123 1.0 88000
1695865700489 1.0 92000
1695865778929 1.0 96000
1695865857268 1.0 100000
1695865935625 1.0 104000
1695866013932 1.0 108000
1695866092355 1.0 112000
1695866170723 1.0 116000
1695866249401 1.0 120000
