1695863975972 67108864.0 4000
1695864053846 67108864.0 8000
1695864131946 67108864.0 12000
1695864210299 67108864.0 16000
1695864289180 67108864.0 20000
1695864367929 67108864.0 24000
1695864446592 67108864.0 28000
1695864524918 67108864.0 32000
1695864602995 67108864.0 36000
1695864681283 67108864.0 40000
1695864759768 67108864.0 44000
1695864838327 67108864.0 48000
1695864917140 67108864.0 52000
1695864995605 67108864.0 56000
1695865073831 67108864.0 60000
1695865152202 67108864.0 64000
1695865230402 67108864.0 68000
1695865308670 67108864.0 72000
1695865386775 67108864.0 76000
1695865465397 67108864.0 80000
1695865543572 67108864.0 84000
1695865622121 67108864.0 88000
1695865700487 67108864.0 92000
1695865778927 67108864.0 96000
1695865857266 67108864.0 100000
1695865935623 67108864.0 104000
1695866013931 67108864.0 108000
1695866092352 67108864.0 112000
1695866170721 67108864.0 116000
1695866249399 67108864.0 120000
