1695863975982 0.0 4000
1695864053857 0.0 8000
1695864131955 0.0 12000
1695864210310 0.0 16000
1695864289188 0.0 20000
1695864367938 0.0 24000
1695864446600 0.0 28000
1695864524928 0.0 32000
1695864603003 0.0 36000
1695864681292 0.0 40000
1695864759777 0.0 44000
1695864838337 0.0 48000
1695864917150 0.0 52000
1695864995614 0.0 56000
1695865073840 0.0 60000
1695865152211 0.0 64000
1695865230411 0.0 68000
1695865308680 0.0 72000
1695865386785 0.0 76000
1695865465406 0.0 80000
1695865543581 0.0 84000
1695865622129 0.0 88000
1695865700496 0.0 92000
1695865778936 0.0 96000
1695865857276 0.0 100000
1695865935632 0.0 104000
1695866013939 0.0 108000
1695866092362 0.0 112000
1695866170729 0.0 116000
1695866249408 0.0 120000
