1695863975964 0.0 4000
1695864053839 0.0 8000
1695864131939 0.0 12000
1695864210293 0.0 16000
1695864289174 0.0 20000
1695864367923 0.0 24000
1695864446586 0.0 28000
1695864524911 0.0 32000
1695864602989 0.0 36000
1695864681278 0.0 40000
1695864759762 0.0 44000
1695864838320 0.0 48000
1695864917134 0.0 52000
1695864995599 0.0 56000
1695865073825 0.0 60000
1695865152196 0.0 64000
1695865230396 0.0 68000
1695865308663 0.0 72000
1695865386768 0.0 76000
1695865465392 0.0 80000
1695865543565 0.0 84000
1695865622115 0.0 88000
1695865700481 0.0 92000
1695865778921 0.0 96000
1695865857257 0.0 100000
1695865935615 0.0 104000
1695866013924 0.0 108000
1695866092345 0.0 112000
1695866170715 0.0 116000
1695866249393 0.0 120000
