1695863975959 0.0 4000
1695864053834 0.0 8000
1695864131934 0.0 12000
1695864210288 0.0 16000
1695864289170 0.0 20000
1695864367919 0.0 24000
1695864446581 0.0 28000
1695864524907 0.0 32000
1695864602984 0.0 36000
1695864681274 0.0 40000
1695864759758 0.0 44000
1695864838316 0.0 48000
1695864917129 0.0 52000
1695864995594 0.0 56000
1695865073820 0.0 60000
1695865152192 0.0 64000
1695865230391 0.0 68000
1695865308658 0.0 72000
1695865386764 0.0 76000
1695865465388 0.0 80000
1695865543560 0.0 84000
1695865622110 0.0 88000
1695865700477 0.0 92000
1695865778916 0.0 96000
1695865857252 0.0 100000
1695865935611 0.0 104000
1695866013920 0.0 108000
1695866092340 0.0 112000
1695866170711 0.0 116000
1695866249388 0.0 120000
