1695863975983 0.0 4000
1695864053858 0.0 8000
1695864131956 0.0 12000
1695864210311 0.0 16000
1695864289189 0.0 20000
1695864367939 0.0 24000
1695864446601 0.0 28000
1695864524929 0.0 32000
1695864603004 0.0 36000
1695864681293 0.0 40000
1695864759778 0.0 44000
1695864838338 0.0 48000
1695864917151 0.0 52000
1695864995615 0.0 56000
1695865073842 0.0 60000
1695865152212 0.0 64000
1695865230413 0.0 68000
1695865308681 0.0 72000
1695865386786 0.0 76000
1695865465407 0.0 80000
1695865543582 0.0 84000
1695865622130 0.0 88000
1695865700497 0.0 92000
1695865778937 0.0 96000
1695865857278 0.0 100000
1695865935634 0.0 104000
1695866013940 0.0 108000
1695866092364 0.0 112000
1695866170730 0.0 116000
1695866249409 0.0 120000
