1695863975963 0.0 4000
1695864053838 0.0 8000
1695864131938 0.0 12000
1695864210292 0.0 16000
1695864289173 0.0 20000
1695864367922 0.0 24000
1695864446585 0.0 28000
1695864524910 0.0 32000
1695864602987 0.0 36000
1695864681277 0.0 40000
1695864759761 0.0 44000
1695864838319 0.0 48000
1695864917132 0.0 52000
1695864995597 0.0 56000
1695865073823 0.0 60000
1695865152195 0.0 64000
1695865230394 0.0 68000
1695865308661 0.0 72000
1695865386767 0.0 76000
1695865465391 0.0 80000
1695865543563 0.0 84000
1695865622113 0.0 88000
1695865700480 0.0 92000
1695865778920 0.0 96000
1695865857255 0.0 100000
1695865935614 0.0 104000
1695866013923 0.0 108000
1695866092344 0.0 112000
1695866170714 0.0 116000
1695866249391 0.0 120000
