1695863975981 0.0 4000
1695864053856 0.0 8000
1695864131954 0.0 12000
1695864210309 0.0 16000
1695864289187 0.0 20000
1695864367937 0.0 24000
1695864446599 0.0 28000
1695864524927 0.0 32000
1695864603002 0.0 36000
1695864681291 0.0 40000
1695864759776 0.0 44000
1695864838336 0.0 48000
1695864917149 0.0 52000
1695864995613 0.0 56000
1695865073839 0.0 60000
1695865152210 0.0 64000
1695865230411 0.0 68000
1695865308679 0.0 72000
1695865386784 0.0 76000
1695865465405 0.0 80000
1695865543580 0.0 84000
1695865622128 0.0 88000
1695865700495 0.0 92000
1695865778935 0.0 96000
1695865857276 0.0 100000
1695865935632 0.0 104000
1695866013938 0.0 108000
1695866092361 0.0 112000
1695866170728 0.0 116000
1695866249407 0.0 120000
