1695863975991 128.0 4000
1695864053865 128.0 8000
1695864131964 128.0 12000
1695864210318 128.0 16000
1695864289195 128.0 20000
1695864367946 128.0 24000
1695864446607 128.0 28000
1695864524937 128.0 32000
1695864603011 128.0 36000
1695864681299 128.0 40000
1695864759784 128.0 44000
1695864838345 128.0 48000
1695864917158 128.0 52000
1695864995621 128.0 56000
1695865073849 128.0 60000
1695865152218 128.0 64000
1695865230419 128.0 68000
1695865308688 128.0 72000
1695865386794 128.0 76000
1695865465413 128.0 80000
1695865543588 128.0 84000
1695865622136 128.0 88000
1695865700503 128.0 92000
1695865778943 128.0 96000
1695865857286 128.0 100000
1695865935641 128.0 104000
1695866013946 128.0 108000
1695866092371 128.0 112000
1695866170736 128.0 116000
1695866249415 128.0 120000
