1695863975992 1.0 4000
1695864053866 1.0 8000
1695864131965 1.0 12000
1695864210319 1.0 16000
1695864289196 1.0 20000
1695864367947 1.0 24000
1695864446608 1.0 28000
1695864524937 1.0 32000
1695864603011 1.0 36000
1695864681300 1.0 40000
1695864759785 1.0 44000
1695864838346 1.0 48000
1695864917159 1.0 52000
1695864995622 1.0 56000
1695865073849 1.0 60000
1695865152219 1.0 64000
1695865230420 1.0 68000
1695865308689 1.0 72000
1695865386795 1.0 76000
1695865465414 1.0 80000
1695865543589 1.0 84000
1695865622137 1.0 88000
1695865700503 1.0 92000
1695865778944 1.0 96000
1695865857287 1.0 100000
1695865935642 1.0 104000
1695866013947 1.0 108000
1695866092372 1.0 112000
1695866170737 1.0 116000
1695866249416 1.0 120000
