1695863975972 0.0 4000
1695864053845 0.0 8000
1695864131945 0.0 12000
1695864210299 0.0 16000
1695864289180 0.0 20000
1695864367929 0.0 24000
1695864446591 0.0 28000
1695864524917 0.0 32000
1695864602994 0.0 36000
1695864681283 0.0 40000
1695864759768 0.0 44000
1695864838327 0.0 48000
1695864917140 0.0 52000
1695864995605 0.0 56000
1695865073831 0.0 60000
1695865152202 0.0 64000
1695865230402 0.0 68000
1695865308670 0.0 72000
1695865386775 0.0 76000
1695865465397 0.0 80000
1695865543571 0.0 84000
1695865622120 0.0 88000
1695865700487 0.0 92000
1695865778927 0.0 96000
1695865857265 0.0 100000
1695865935622 0.0 104000
1695866013930 0.0 108000
1695866092352 0.0 112000
1695866170720 0.0 116000
1695866249399 0.0 120000
