1695863975988 1.0 4000
1695864053862 1.0 8000
1695864131961 1.0 12000
1695864210315 1.0 16000
1695864289193 1.0 20000
1695864367943 1.0 24000
1695864446605 1.0 28000
1695864524933 1.0 32000
1695864603008 1.0 36000
1695864681296 1.0 40000
1695864759782 1.0 44000
1695864838342 1.0 48000
1695864917155 1.0 52000
1695864995618 1.0 56000
1695865073846 1.0 60000
1695865152216 1.0 64000
1695865230417 1.0 68000
1695865308685 1.0 72000
1695865386791 1.0 76000
1695865465411 1.0 80000
1695865543586 1.0 84000
1695865622134 1.0 88000
1695865700500 1.0 92000
1695865778940 1.0 96000
1695865857282 1.0 100000
1695865935638 1.0 104000
1695866013944 1.0 108000
1695866092368 1.0 112000
1695866170734 1.0 116000
1695866249412 1.0 120000
