1695863975965 1.0 4000
1695864053840 1.0 8000
1695864131940 1.0 12000
1695864210294 1.0 16000
1695864289175 1.0 20000
1695864367924 1.0 24000
1695864446586 1.0 28000
1695864524912 1.0 32000
1695864602989 1.0 36000
1695864681278 1.0 40000
1695864759763 1.0 44000
1695864838321 1.0 48000
1695864917134 1.0 52000
1695864995600 1.0 56000
1695865073826 1.0 60000
1695865152197 1.0 64000
1695865230396 1.0 68000
1695865308664 1.0 72000
1695865386769 1.0 76000
1695865465392 1.0 80000
1695865543566 1.0 84000
1695865622116 1.0 88000
1695865700482 1.0 92000
1695865778922 1.0 96000
1695865857258 1.0 100000
1695865935616 1.0 104000
1695866013925 1.0 108000
1695866092346 1.0 112000
1695866170716 1.0 116000
1695866249394 1.0 120000
