1695863975968 4000.0 4000
1695864053842 4000.0 8000
1695864131942 4000.0 12000
1695864210296 4000.0 16000
1695864289177 4000.0 20000
1695864367926 4000.0 24000
1695864446588 4000.0 28000
1695864524914 4000.0 32000
1695864602991 4000.0 36000
1695864681280 4000.0 40000
1695864759765 4000.0 44000
1695864838324 4000.0 48000
1695864917137 4000.0 52000
1695864995602 4000.0 56000
1695865073828 4000.0 60000
1695865152199 4000.0 64000
1695865230399 4000.0 68000
1695865308666 4000.0 72000
1695865386772 4000.0 76000
1695865465394 4000.0 80000
1695865543568 4000.0 84000
1695865622118 4000.0 88000
1695865700484 4000.0 92000
1695865778924 4000.0 96000
1695865857261 4000.0 100000
1695865935619 4000.0 104000
1695866013927 4000.0 108000
1695866092349 4000.0 112000
1695866170718 4000.0 116000
1695866249396 4000.0 120000
