1695863975990 1.0 4000
1695864053864 1.0 8000
1695864131963 1.0 12000
1695864210317 1.0 16000
1695864289194 1.0 20000
1695864367945 1.0 24000
1695864446606 1.0 28000
1695864524936 1.0 32000
1695864603010 1.0 36000
1695864681298 1.0 40000
1695864759784 1.0 44000
1695864838344 1.0 48000
1695864917157 1.0 52000
1695864995620 1.0 56000
1695865073848 1.0 60000
1695865152217 1.0 64000
1695865230418 1.0 68000
1695865308687 1.0 72000
1695865386793 1.0 76000
1695865465413 1.0 80000
1695865543588 1.0 84000
1695865622135 1.0 88000
1695865700502 1.0 92000
1695865778942 1.0 96000
1695865857285 1.0 100000
1695865935640 1.0 104000
1695866013945 1.0 108000
1695866092370 1.0 112000
1695866170736 1.0 116000
1695866249414 1.0 120000
