1695863975994 10.0 4000
1695864053867 10.0 8000
1695864131966 10.0 12000
1695864210321 10.0 16000
1695864289197 10.0 20000
1695864367949 10.0 24000
1695864446609 10.0 28000
1695864524939 10.0 32000
1695864603013 10.0 36000
1695864681301 10.0 40000
1695864759787 10.0 44000
1695864838347 10.0 48000
1695864917161 10.0 52000
1695864995623 10.0 56000
1695865073851 10.0 60000
1695865152220 10.0 64000
1695865230421 10.0 68000
1695865308690 10.0 72000
1695865386796 10.0 76000
1695865465415 10.0 80000
1695865543590 10.0 84000
1695865622138 10.0 88000
1695865700505 10.0 92000
1695865778945 10.0 96000
1695865857288 10.0 100000
1695865935643 10.0 104000
1695866013948 10.0 108000
1695866092374 10.0 112000
1695866170739 10.0 116000
1695866249417 10.0 120000
