1695863975985 1800.0 4000
1695864053859 1800.0 8000
1695864131958 1800.0 12000
1695864210312 1800.0 16000
1695864289190 1800.0 20000
1695864367940 1800.0 24000
1695864446602 1800.0 28000
1695864524930 1800.0 32000
1695864603005 1800.0 36000
1695864681294 1800.0 40000
1695864759779 1800.0 44000
1695864838339 1800.0 48000
1695864917152 1800.0 52000
1695864995616 1800.0 56000
1695865073843 1800.0 60000
1695865152213 1800.0 64000
1695865230414 1800.0 68000
1695865308682 1800.0 72000
1695865386788 1800.0 76000
1695865465408 1800.0 80000
1695865543583 1800.0 84000
1695865622131 1800.0 88000
1695865700498 1800.0 92000
1695865778938 1800.0 96000
1695865857279 1800.0 100000
1695865935635 1800.0 104000
1695866013941 1800.0 108000
1695866092365 1800.0 112000
1695866170731 1800.0 116000
1695866249410 1800.0 120000
