1695863975984 60.0 4000
1695864053859 60.0 8000
1695864131957 60.0 12000
1695864210312 60.0 16000
1695864289190 60.0 20000
1695864367940 60.0 24000
1695864446602 60.0 28000
1695864524930 60.0 32000
1695864603005 60.0 36000
1695864681293 60.0 40000
1695864759779 60.0 44000
1695864838339 60.0 48000
1695864917152 60.0 52000
1695864995615 60.0 56000
1695865073842 60.0 60000
1695865152213 60.0 64000
1695865230413 60.0 68000
1695865308682 60.0 72000
1695865386787 60.0 76000
1695865465408 60.0 80000
1695865543583 60.0 84000
1695865622131 60.0 88000
1695865700497 60.0 92000
1695865778937 60.0 96000
1695865857278 60.0 100000
1695865935635 60.0 104000
1695866013941 60.0 108000
1695866092365 60.0 112000
1695866170731 60.0 116000
1695866249409 60.0 120000
