1695864210336 0.0 16000
1695864289208 0.0 20000
1695864367961 0.0 24000
1695864446621 0.0 28000
1695864524952 0.0 32000
1695864603025 0.0 36000
1695864681314 0.0 40000
1695864759798 0.0 44000
1695864838360 0.0 48000
1695864917175 0.0 52000
1695864995635 0.0 56000
1695865073863 0.0 60000
1695865152231 0.0 64000
1695865230433 0.0 68000
1695865308703 0.0 72000
1695865386808 0.0 76000
1695865465427 0.0 80000
1695865543602 0.0 84000
1695865622150 0.0 88000
1695865700517 0.0 92000
1695865778956 0.0 96000
1695865857302 0.0 100000
1695865935656 0.0 104000
1695866013960 0.0 108000
1695866092387 0.0 112000
1695866170750 0.0 116000
1695866249428 0.0 120000
