1695864210337 0.0 16000
1695864289210 0.0 20000
1695864367962 0.0 24000
1695864446623 0.0 28000
1695864524953 0.0 32000
1695864603026 0.0 36000
1695864681316 0.0 40000
1695864759800 0.0 44000
1695864838361 0.0 48000
1695864917177 0.0 52000
1695864995637 0.0 56000
1695865073865 0.0 60000
1695865152233 0.0 64000
1695865230435 0.0 68000
1695865308705 0.0 72000
1695865386810 0.0 76000
1695865465429 0.0 80000
1695865543603 0.0 84000
1695865622151 0.0 88000
1695865700519 0.0 92000
1695865778958 0.0 96000
1695865857303 0.0 100000
1695865935658 0.0 104000
1695866013962 0.0 108000
1695866092388 0.0 112000
1695866170752 0.0 116000
1695866249430 0.0 120000
