1695863975938 0.0 4000
1695864053818 0.0 8000
1695864131918 0.0 12000
1695864210251 0.0 16000
1695864289135 0.0 20000
1695864367883 0.0 24000
1695864446547 0.0 28000
1695864524873 0.0 32000
1695864602948 0.0 36000
1695864681239 0.0 40000
1695864759723 0.0 44000
1695864838282 0.0 48000
1695864917093 0.0 52000
1695864995559 0.0 56000
1695865073786 0.0 60000
1695865152156 0.0 64000
1695865230355 0.0 68000
1695865308623 0.0 72000
1695865386729 0.0 76000
1695865465353 0.0 80000
1695865543526 0.0 84000
1695865622075 0.0 88000
1695865700442 0.0 92000
1695865778882 0.0 96000
1695865857218 0.0 100000
1695865935577 0.0 104000
1695866013883 0.0 108000
1695866092306 0.0 112000
1695866170676 0.0 116000
1695866249353 0.0 120000
