1695863975928 nan 4000
1695864053810 nan 8000
1695864131910 nan 12000
1695864210243 0.49900000000000616 16000
1695864289126 0.49900000000000616 20000
1695864367874 0.49900000000000616 24000
1695864446539 0.49900000000000616 28000
1695864524864 0.49900000000000616 32000
1695864602938 0.49900000000000616 36000
1695864681230 0.49900000000000616 40000
1695864759715 0.49900000000000616 44000
1695864838272 0.49900000000000616 48000
1695864917084 0.49900000000000616 52000
1695864995551 0.49900000000000616 56000
1695865073777 0.49900000000000616 60000
1695865152148 0.49900000000000616 64000
1695865230347 0.49900000000000616 68000
1695865308615 0.49900000000000616 72000
1695865386721 0.49900000000000616 76000
1695865465344 0.49900000000000616 80000
1695865543518 0.49900000000000616 84000
1695865622066 0.49900000000000616 88000
1695865700433 0.49900000000000616 92000
1695865778873 0.49900000000000616 96000
1695865857210 0.49900000000000616 100000
1695865935568 0.49900000000000616 104000
1695866013873 0.49900000000000616 108000
1695866092298 0.49900000000000616 112000
1695866170668 0.49900000000000616 116000
1695866249344 0.49900000000000616 120000
