1695863975930 0.0 4000
1695864053811 0.0 8000
1695864131912 0.0 12000
1695864210245 10.0 16000
1695864289128 0.0 20000
1695864367875 0.0 24000
1695864446540 10.0 28000
1695864524866 0.0 32000
1695864602940 0.0 36000
1695864681232 10.0 40000
1695864759716 0.0 44000
1695864838274 0.0 48000
1695864917086 10.0 52000
1695864995552 0.0 56000
1695865073779 0.0 60000
1695865152149 10.0 64000
1695865230348 0.0 68000
1695865308616 1.0 72000
1695865386722 3.0 76000
1695865465346 6.0 80000
1695865543519 1.0 84000
1695865622068 4.0 88000
1695865700434 5.0 92000
1695865778875 1.0 96000
1695865857211 3.0 100000
1695865935570 6.0 104000
1695866013875 1.0 108000
1695866092299 3.0 112000
1695866170669 6.0 116000
1695866249346 1.0 120000
