1695863975930 nan 4000
1695864053811 nan 8000
1695864131911 nan 12000
1695864210244 1280.0 16000
1695864289128 1280.0 20000
1695864367875 1280.0 24000
1695864446540 1280.0 28000
1695864524865 1280.0 32000
1695864602939 1280.0 36000
1695864681231 1273.9333333333334 40000
1695864759716 1273.9333333333334 44000
1695864838273 1273.9333333333334 48000
1695864917085 1275.45 52000
1695864995552 1275.45 56000
1695865073778 1275.45 60000
1695865152149 1264.78 64000
1695865230348 1264.78 68000
1695865308616 1254.9019607843138 72000
1695865386722 1256.2962962962963 76000
1695865465345 1258.6666666666667 80000
1695865543519 1244.7704918032787 84000
1695865622067 1246.9384615384615 88000
1695865700434 1249.3 92000
1695865778874 1249.7323943661972 96000
1695865857211 1242.6081081081081 100000
1695865935569 1245.4125 104000
1695866013875 1245.8395061728395 108000
1695866092299 1247.0595238095239 112000
1695866170669 1249.2555555555555 116000
1695866249345 1249.5934065934066 120000
