1695863975929 nan 4000
1695864053810 nan 8000
1695864131911 nan 12000
1695864210244 1.0869769385589172 16000
1695864289127 1.0869769385589172 20000
1695864367874 1.0869769385589172 24000
1695864446539 1.2371116916718563 28000
1695864524865 1.2371116916718563 32000
1695864602939 1.2371116916718563 36000
1695864681231 1.2783223532320231 40000
1695864759715 1.2783223532320231 44000
1695864838273 1.2783223532320231 48000
1695864917085 1.3278079124872535 52000
1695864995551 1.3278079124872535 56000
1695865073778 1.3278079124872535 60000
1695865152148 1.3920953470667314 64000
1695865230347 1.3920953470667314 68000
1695865308615 1.3953174358497369 72000
1695865386721 1.4055605359589836 76000
1695865465344 1.422423806144703 80000
1695865543518 1.4417809382212845 84000
1695865622067 1.4508216951194315 88000
1695865700433 1.4576553767406277 92000
1695865778874 1.4601840790092973 96000
1695865857210 1.4750497374744413 100000
1695865935569 1.4809355000000717 104000
1695866013874 1.4830374473805175 108000
1695866092298 1.4881680113246478 112000
1695866170668 1.4968419153129722 116000
1695866249345 1.4986974243514686 120000
