1695863975928 nan 4000
1695864053809 nan 8000
1695864131910 nan 12000
1695864210243 1.6106932378161742 16000
1695864289126 1.6106932378161742 20000
1695864367873 1.6106932378161742 24000
1695864446538 1.6106932378161742 28000
1695864524864 1.6106932378161742 32000
1695864602937 1.6106932378161742 36000
1695864681229 1.8441619878161761 40000
1695864759714 1.8441619878161761 44000
1695864838271 1.8441619878161761 48000
1695864917084 1.8441619878161761 52000
1695864995550 1.8441619878161761 56000
1695865073777 1.8441619878161761 60000
1695865152147 2.075802612816171 64000
1695865230346 2.075802612816171 68000
1695865308614 2.075802612816171 72000
1695865386720 2.075802612816171 76000
1695865465343 2.075802612816171 80000
1695865543517 2.603208862816169 84000
1695865622065 2.603208862816169 88000
1695865700432 2.603208862816169 92000
1695865778872 2.603208862816169 96000
1695865857209 2.603208862816169 100000
1695865935567 2.603208862816169 104000
1695866013873 2.603208862816169 108000
1695866092297 2.603208862816169 112000
1695866170667 2.603208862816169 116000
1695866249344 2.603208862816169 120000
