1695863975939 0.0 4000
1695864053818 0.0 8000
1695864131919 0.0 12000
1695864210251 10.0 16000
1695864289135 10.0 20000
1695864367883 10.0 24000
1695864446547 20.0 28000
1695864524873 20.0 32000
1695864602949 20.0 36000
1695864681239 30.0 40000
1695864759724 30.0 44000
1695864838282 30.0 48000
1695864917094 40.0 52000
1695864995559 40.0 56000
1695865073786 40.0 60000
1695865152157 50.0 64000
1695865230356 50.0 68000
1695865308624 51.0 72000
1695865386730 54.0 76000
1695865465354 60.0 80000
1695865543526 61.0 84000
1695865622075 65.0 88000
1695865700442 70.0 92000
1695865778882 71.0 96000
1695865857219 74.0 100000
1695865935577 80.0 104000
1695866013883 81.0 108000
1695866092306 84.0 112000
1695866170677 90.0 116000
1695866249353 91.0 120000
