1695863975943 1.0 4000
1695864053821 2.0 8000
1695864131922 3.0 12000
1695864210254 4.0 16000
1695864289139 5.0 20000
1695864367887 6.0 24000
1695864446551 7.0 28000
1695864524876 8.0 32000
1695864602952 9.0 36000
1695864681243 10.0 40000
1695864759727 11.0 44000
1695864838286 12.0 48000
1695864917097 13.0 52000
1695864995563 14.0 56000
1695865073790 15.0 60000
1695865152160 16.0 64000
1695865230360 17.0 68000
1695865308627 18.0 72000
1695865386733 19.0 76000
1695865465357 20.0 80000
1695865543529 21.0 84000
1695865622079 22.0 88000
1695865700446 23.0 92000
1695865778886 24.0 96000
1695865857222 25.0 100000
1695865935581 26.0 104000
1695866013887 27.0 108000
1695866092309 28.0 112000
1695866170680 29.0 116000
1695866249356 30.0 120000
