1695863975937 4000.0 4000
1695864053817 4000.0 8000
1695864131918 4000.0 12000
1695864210250 4000.0 16000
1695864289134 4000.0 20000
1695864367882 4000.0 24000
1695864446546 4000.0 28000
1695864524872 4000.0 32000
1695864602947 4000.0 36000
1695864681238 4000.0 40000
1695864759722 4000.0 44000
1695864838281 4000.0 48000
1695864917092 4000.0 52000
1695864995558 4000.0 56000
1695865073785 4000.0 60000
1695865152156 4000.0 64000
1695865230355 4000.0 68000
1695865308622 4000.0 72000
1695865386728 4000.0 76000
1695865465352 4000.0 80000
1695865543525 4000.0 84000
1695865622074 4000.0 88000
1695865700441 4000.0 92000
1695865778881 4000.0 96000
1695865857217 4000.0 100000
1695865935576 4000.0 104000
1695866013882 4000.0 108000
1695866092305 4000.0 112000
1695866170675 4000.0 116000
1695866249352 4000.0 120000
