1695863975931 10.0 4000
1695864053812 10.0 8000
1695864131913 10.0 12000
1695864210245 10.0 16000
1695864289129 10.0 20000
1695864367876 10.0 24000
1695864446541 10.0 28000
1695864524867 10.0 32000
1695864602941 10.0 36000
1695864681232 10.0 40000
1695864759717 10.0 44000
1695864838275 10.0 48000
1695864917087 10.0 52000
1695864995553 10.0 56000
1695865073780 10.0 60000
1695865152150 10.0 64000
1695865230349 10.0 68000
1695865308617 10.0 72000
1695865386723 10.0 76000
1695865465347 10.0 80000
1695865543520 10.0 84000
1695865622068 10.0 88000
1695865700435 10.0 92000
1695865778876 10.0 96000
1695865857212 10.0 100000
1695865935571 10.0 104000
1695866013876 10.0 108000
1695866092300 10.0 112000
1695866170670 10.0 116000
1695866249347 10.0 120000
