1695863975935 4000.0 4000
1695864053815 4000.0 8000
1695864131916 4000.0 12000
1695864210248 4000.0 16000
1695864289132 4000.0 20000
1695864367880 4000.0 24000
1695864446544 4000.0 28000
1695864524870 4000.0 32000
1695864602945 4000.0 36000
1695864681236 4000.0 40000
1695864759721 4000.0 44000
1695864838279 4000.0 48000
1695864917091 4000.0 52000
1695864995556 4000.0 56000
1695865073783 4000.0 60000
1695865152154 4000.0 64000
1695865230353 4000.0 68000
1695865308621 4000.0 72000
1695865386726 4000.0 76000
1695865465350 4000.0 80000
1695865543523 4000.0 84000
1695865622072 4000.0 88000
1695865700439 4000.0 92000
1695865778879 4000.0 96000
1695865857216 4000.0 100000
1695865935574 4000.0 104000
1695866013880 4000.0 108000
1695866092303 4000.0 112000
1695866170673 4000.0 116000
1695866249350 4000.0 120000
