1695863975936 51.93421264063761 4000
1695864053816 51.482717070558984 8000
1695864131916 51.34295317798093 12000
1695864210249 51.17389144539843 16000
1695864289133 50.866216687093186 20000
1695864367880 50.9558657633185 24000
1695864446545 51.0039309154038 28000
1695864524871 51.22230174123266 32000
1695864602945 51.378243840737554 36000
1695864681236 51.25329009534321 40000
1695864759721 51.12789154224612 44000
1695864838279 51.07297421254103 48000
1695864917091 50.91269859152502 52000
1695864995557 51.14030608443202 56000
1695865073784 51.29109757870096 60000
1695865152154 51.199526098136424 64000
1695865230353 51.30821134764608 68000
1695865308621 51.26521076238878 72000
1695865386727 51.37253996196754 76000
1695865465351 51.034203627726214 80000
1695865543524 51.33127195816273 84000
1695865622073 51.08383618587735 88000
1695865700440 51.200132500342896 92000
1695865778880 51.154047529813 96000
1695865857216 51.22193986624123 100000
1695865935575 51.217925648758246 104000
1695866013881 51.248715995943336 108000
1695866092304 51.16583328406254 112000
1695866170674 51.207125366480135 116000
1695866249350 51.001240377850095 120000
