1695863975934 4000.0 4000
1695864053815 8000.0 8000
1695864131915 12000.0 12000
1695864210248 16000.0 16000
1695864289131 20000.0 20000
1695864367879 24000.0 24000
1695864446544 28000.0 28000
1695864524869 32000.0 32000
1695864602944 36000.0 36000
1695864681235 40000.0 40000
1695864759720 44000.0 44000
1695864838278 48000.0 48000
1695864917090 52000.0 52000
1695864995555 56000.0 56000
1695865073782 60000.0 60000
1695865152153 64000.0 64000
1695865230352 68000.0 68000
1695865308620 72000.0 72000
1695865386726 76000.0 76000
1695865465349 80000.0 80000
1695865543522 84000.0 84000
1695865622071 88000.0 88000
1695865700438 92000.0 92000
1695865778878 96000.0 96000
1695865857215 100000.0 100000
1695865935573 104000.0 104000
1695866013879 108000.0 108000
1695866092302 112000.0 112000
1695866170673 116000.0 116000
1695866249349 120000.0 120000
