1695863975931 0.0 4000
1695864053812 0.0 8000
1695864131912 0.0 12000
1695864210245 0.0 16000
1695864289128 0.0 20000
1695864367876 0.0 24000
1695864446541 0.0 28000
1695864524866 0.0 32000
1695864602940 0.0 36000
1695864681232 0.0 40000
1695864759717 0.0 44000
1695864838274 0.0 48000
1695864917087 0.0 52000
1695864995553 0.0 56000
1695865073779 0.0 60000
1695865152150 0.0 64000
1695865230349 0.0 68000
1695865308617 0.0 72000
1695865386723 0.0 76000
1695865465346 0.0 80000
1695865543520 0.0 84000
1695865622068 0.0 88000
1695865700435 0.0 92000
1695865778875 0.0 96000
1695865857212 0.0 100000
1695865935570 0.0 104000
1695866013876 0.0 108000
1695866092299 0.0 112000
1695866170669 0.0 116000
1695866249346 0.0 120000
