1695863975932 0.0 4000
1695864053813 0.0 8000
1695864131913 0.0 12000
1695864210246 0.0 16000
1695864289129 0.0 20000
1695864367877 0.0 24000
1695864446542 0.0 28000
1695864524867 0.0 32000
1695864602941 0.0 36000
1695864681233 0.0 40000
1695864759717 0.0 44000
1695864838275 0.0 48000
1695864917088 0.0 52000
1695864995553 0.0 56000
1695865073780 0.0 60000
1695865152151 0.0 64000
1695865230350 0.0 68000
1695865308618 0.0 72000
1695865386723 0.0 76000
1695865465347 0.0 80000
1695865543520 0.0 84000
1695865622069 0.0 88000
1695865700436 0.0 92000
1695865778876 0.0 96000
1695865857213 0.0 100000
1695865935571 0.0 104000
1695866013877 0.0 108000
1695866092300 0.0 112000
1695866170671 0.0 116000
1695866249347 0.0 120000
