1695863975942 68375.0 4000
1695864053820 68375.0 8000
1695864131921 68375.0 12000
1695864210253 68375.0 16000
1695864289138 68375.0 20000
1695864367886 68375.0 24000
1695864446550 68375.0 28000
1695864524875 68375.0 32000
1695864602951 68375.0 36000
1695864681242 68375.0 40000
1695864759726 68375.0 44000
1695864838285 68375.0 48000
1695864917096 68375.0 52000
1695864995562 68375.0 56000
1695865073789 68375.0 60000
1695865152159 68375.0 64000
1695865230359 68375.0 68000
1695865308626 68375.0 72000
1695865386732 68375.0 76000
1695865465356 68375.0 80000
1695865543528 68375.0 84000
1695865622078 68375.0 88000
1695865700445 68375.0 92000
1695865778885 68375.0 96000
1695865857221 68375.0 100000
1695865935580 68375.0 104000
1695866013886 68375.0 108000
1695866092309 68375.0 112000
1695866170679 68375.0 116000
1695866249356 68375.0 120000
