1695863975937 4000.0 4000
1695864053816 8000.0 8000
1695864131917 12000.0 12000
1695864210250 16000.0 16000
1695864289134 20000.0 20000
1695864367881 24000.0 24000
1695864446546 28000.0 28000
1695864524871 32000.0 32000
1695864602946 36000.0 36000
1695864681237 40000.0 40000
1695864759722 44000.0 44000
1695864838280 48000.0 48000
1695864917092 52000.0 52000
1695864995557 56000.0 56000
1695865073785 60000.0 60000
1695865152155 64000.0 64000
1695865230354 68000.0 68000
1695865308622 72000.0 72000
1695865386728 76000.0 76000
1695865465352 80000.0 80000
1695865543524 84000.0 84000
1695865622073 88000.0 88000
1695865700440 92000.0 92000
1695865778880 96000.0 96000
1695865857217 100000.0 100000
1695865935576 104000.0 104000
1695866013881 108000.0 108000
1695866092304 112000.0 112000
1695866170675 116000.0 116000
1695866249351 120000.0 120000
