1695863975941 77.02206802368164 4000
1695864053819 77.69720387458801 8000
1695864131920 77.90870404243469 12000
1695864210252 78.16677927970886 16000
1695864289137 78.63952803611755 20000
1695864367885 78.501149892807 24000
1695864446549 78.42742991447449 28000
1695864524875 78.09279608726501 32000
1695864602950 77.85578799247742 36000
1695864681241 78.04606604576111 40000
1695864759725 78.23720669746399 44000
1695864838284 78.32132196426392 48000
1695864917095 78.56839609146118 52000
1695864995561 78.21841716766357 56000
1695865073788 77.98846101760864 60000
1695865152158 78.12862014770508 64000
1695865230358 77.96267175674438 68000
1695865308625 78.02812814712524 72000
1695865386731 77.86527395248413 76000
1695865465355 78.38163590431213 80000
1695865543527 77.9279260635376 84000
1695865622077 78.30553197860718 88000
1695865700444 78.12779903411865 92000
1695865778884 78.19817996025085 96000
1695865857220 78.09457302093506 100000
1695865935579 78.10095000267029 104000
1695866013885 78.05398511886597 108000
1695866092308 78.180410861969 112000
1695866170678 78.11772608757019 116000
1695866249355 78.43286418914795 120000
