1695863975940 1695863975.0 4000
1695864053819 1695864053.0 8000
1695864131920 1695864131.0 12000
1695864210252 1695864210.0 16000
1695864289136 1695864289.0 20000
1695864367884 1695864367.0 24000
1695864446548 1695864446.0 28000
1695864524874 1695864524.0 32000
1695864602950 1695864602.0 36000
1695864681240 1695864681.0 40000
1695864759725 1695864759.0 44000
1695864838283 1695864838.0 48000
1695864917095 1695864916.0 52000
1695864995560 1695864995.0 56000
1695865073787 1695865073.0 60000
1695865152158 1695865152.0 64000
1695865230357 1695865230.0 68000
1695865308624 1695865308.0 72000
1695865386730 1695865386.0 76000
1695865465355 1695865465.0 80000
1695865543527 1695865543.0 84000
1695865622076 1695865621.0 88000
1695865700443 1695865700.0 92000
1695865778883 1695865778.0 96000
1695865857220 1695865857.0 100000
1695865935578 1695865935.0 104000
1695866013884 1695866013.0 108000
1695866092307 1695866092.0 112000
1695866170678 1695866170.0 116000
1695866249354 1695866249.0 120000
