1695863975942 77.02206802368164 4000
1695864053821 154.71927189826965 8000
1695864131921 232.62797594070435 12000
1695864210254 310.7947552204132 16000
1695864289138 389.43428325653076 20000
1695864367886 467.93543314933777 24000
1695864446550 546.3628630638123 28000
1695864524876 624.4556591510773 32000
1695864602952 702.3114471435547 36000
1695864681242 780.3575131893158 40000
1695864759727 858.5947198867798 44000
1695864838285 936.9160418510437 48000
1695864917097 1015.4844379425049 52000
1695864995562 1093.7028551101685 56000
1695865073789 1171.691316127777 60000
1695865152160 1249.8199362754822 64000
1695865230359 1327.7826080322266 68000
1695865308626 1405.8107361793518 72000
1695865386732 1483.676010131836 76000
1695865465357 1562.057646036148 80000
1695865543529 1639.9855720996857 84000
1695865622078 1718.2911040782928 88000
1695865700445 1796.4189031124115 92000
1695865778885 1874.6170830726624 96000
1695865857221 1952.7116560935974 100000
1695865935580 2030.8126060962677 104000
1695866013886 2108.8665912151337 108000
1695866092309 2187.0470020771027 112000
1695866170679 2265.164728164673 116000
1695866249356 2343.597592353821 120000
