1695863975939 1.0 4000
1695864053819 2.0 8000
1695864131919 3.0 12000
1695864210252 4.0 16000
1695864289136 5.0 20000
1695864367884 6.0 24000
1695864446548 7.0 28000
1695864524874 8.0 32000
1695864602949 9.0 36000
1695864681240 10.0 40000
1695864759724 11.0 44000
1695864838283 12.0 48000
1695864917094 13.0 52000
1695864995560 14.0 56000
1695865073787 15.0 60000
1695865152157 16.0 64000
1695865230356 17.0 68000
1695865308624 18.0 72000
1695865386730 19.0 76000
1695865465354 20.0 80000
1695865543527 21.0 84000
1695865622076 22.0 88000
1695865700443 23.0 92000
1695865778883 24.0 96000
1695865857219 25.0 100000
1695865935578 26.0 104000
1695866013884 27.0 108000
1695866092307 28.0 112000
1695866170677 29.0 116000
1695866249354 30.0 120000
