1695866460285 0.0 4000
1695866539223 0.0 8000
1695866617954 0.0 12000
1695866696176 0.0 16000
1695866774357 0.0 20000
1695866852845 0.0 24000
1695866931657 0.0 28000
1695867010527 0.0 32000
1695867089040 0.0 36000
1695867167940 0.0 40000
1695867246611 0.0 44000
1695867324947 0.0 48000
1695867398853 0.0 52000
1695867471331 0.0 56000
1695867543804 0.0 60000
1695867616363 0.0 64000
1695867688752 0.0 68000
1695867761232 0.0 72000
1695867833734 0.0 76000
1695867906054 0.0 80000
1695867978732 0.0 84000
1695868051033 0.0 88000
1695868123269 0.0 92000
1695868195476 0.0 96000
1695868267579 0.0 100000
1695868339931 0.0 104000
1695868412167 0.0 108000
1695868484344 0.0 112000
1695868556654 0.0 116000
1695868628924 0.0 120000
1695868701647 0.0 124000
1695868773987 0.0 128000
1695868846363 0.0 132000
1695868918398 0.0 136000
1695868990718 0.0 140000
1695869062815 0.0 144000
1695869135048 0.0 148000
1695869207478 0.0 152000
1695869279566 0.0 156000
1695869351809 0.0 160000
1695869424226 0.0 164000
1695869496429 0.0 168000
1695869568853 0.0 172000
1695869641135 0.0 176000
1695869713362 0.0 180000
1695869785847 0.0 184000
1695869858544 0.0 188000
1695869931223 0.0 192000
1695870003563 0.0 196000
1695870076087 0.0 200000
1695870148319 0.0 204000
1695870220446 0.0 208000
1695870291247 0.0 212000
1695870362994 0.0 216000
1695870434917 0.0 220000
1695870507443 0.0 224000
1695870580552 0.0 228000
1695870653038 0.0 232000
1695870725403 0.0 236000
1695870797549 0.0 240000
1695870869859 0.0 244000
1695870942301 0.0 248000
1695871014864 0.0 252000
1695871087141 0.0 256000
1695871159326 0.0 260000
1695871231746 0.0 264000
1695871304396 0.0 268000
