1695866460292 0.0 4000
1695866539229 0.0 8000
1695866617959 0.0 12000
1695866696182 0.0 16000
1695866774363 0.0 20000
1695866852850 0.0 24000
1695866931663 0.0 28000
1695867010533 0.0 32000
1695867089046 0.0 36000
1695867167946 0.0 40000
1695867246617 0.0 44000
1695867324953 0.0 48000
1695867398859 0.0 52000
1695867471336 0.0 56000
1695867543810 0.0 60000
1695867616368 0.0 64000
1695867688757 0.0 68000
1695867761238 0.0 72000
1695867833739 0.0 76000
1695867906060 0.0 80000
1695867978737 0.0 84000
1695868051038 0.0 88000
1695868123275 0.0 92000
1695868195483 0.0 96000
1695868267584 0.0 100000
1695868339936 0.0 104000
1695868412173 0.0 108000
1695868484350 0.0 112000
1695868556659 0.0 116000
1695868628930 0.0 120000
1695868701653 0.0 124000
1695868773992 0.0 128000
1695868846369 0.0 132000
1695868918404 0.0 136000
1695868990724 0.0 140000
1695869062820 0.0 144000
1695869135053 0.0 148000
1695869207484 0.0 152000
1695869279571 0.0 156000
1695869351814 0.0 160000
1695869424231 0.0 164000
1695869496435 0.0 168000
1695869568858 0.0 172000
1695869641141 0.0 176000
1695869713368 0.0 180000
1695869785853 0.0 184000
1695869858549 0.0 188000
1695869931228 0.0 192000
1695870003569 0.0 196000
1695870076093 0.0 200000
1695870148325 0.0 204000
1695870220451 0.0 208000
1695870291252 0.0 212000
1695870363000 0.0 216000
1695870434923 0.0 220000
1695870507448 0.0 224000
1695870580557 0.0 228000
1695870653044 0.0 232000
1695870725408 0.0 236000
1695870797554 0.0 240000
1695870869865 0.0 244000
1695870942306 0.0 248000
1695871014870 0.0 252000
1695871087147 0.0 256000
1695871159331 0.0 260000
1695871231751 0.0 264000
1695871304401 0.0 268000
