1695866460306 -1.0 4000
1695866539240 -1.0 8000
1695866617968 -1.0 12000
1695866696192 -1.0 16000
1695866774374 -1.0 20000
1695866852859 -1.0 24000
1695866931674 -1.0 28000
1695867010542 -1.0 32000
1695867089055 -1.0 36000
1695867167957 -1.0 40000
1695867246627 -1.0 44000
1695867324963 -1.0 48000
1695867398870 -1.0 52000
1695867471346 -1.0 56000
1695867543820 -1.0 60000
1695867616378 -1.0 64000
1695867688767 -1.0 68000
1695867761247 -1.0 72000
1695867833749 -1.0 76000
1695867906072 -1.0 80000
1695867978747 -1.0 84000
1695868051048 -1.0 88000
1695868123286 -1.0 92000
1695868195492 -1.0 96000
1695868267595 -1.0 100000
1695868339946 -1.0 104000
1695868412183 -1.0 108000
1695868484361 -1.0 112000
1695868556669 -1.0 116000
1695868628940 -1.0 120000
1695868701663 -1.0 124000
1695868774002 -1.0 128000
1695868846378 -1.0 132000
1695868918414 -1.0 136000
1695868990736 -1.0 140000
1695869062830 -1.0 144000
1695869135063 -1.0 148000
1695869207494 -1.0 152000
1695869279581 -1.0 156000
1695869351828 -1.0 160000
1695869424241 -1.0 164000
1695869496445 -1.0 168000
1695869568868 -1.0 172000
1695869641151 -1.0 176000
1695869713379 -1.0 180000
1695869785863 -1.0 184000
1695869858560 -1.0 188000
1695869931238 -1.0 192000
1695870003580 -1.0 196000
1695870076104 -1.0 200000
1695870148336 -1.0 204000
1695870220461 -1.0 208000
1695870291261 -1.0 212000
1695870363010 -1.0 216000
1695870434933 -1.0 220000
1695870507458 -1.0 224000
1695870580567 -1.0 228000
1695870653056 -1.0 232000
1695870725417 -1.0 236000
1695870797564 -1.0 240000
1695870869874 -1.0 244000
1695870942317 -1.0 248000
1695871014881 -1.0 252000
1695871087158 -1.0 256000
1695871159340 -1.0 260000
1695871231761 -1.0 264000
1695871304411 -1.0 268000
