1695866460304 0.0 4000
1695866539239 0.0 8000
1695866617967 0.0 12000
1695866696191 0.0 16000
1695866774373 0.0 20000
1695866852858 0.0 24000
1695866931673 0.0 28000
1695867010541 0.0 32000
1695867089054 0.0 36000
1695867167956 0.0 40000
1695867246626 0.0 44000
1695867324962 0.0 48000
1695867398868 0.0 52000
1695867471345 0.0 56000
1695867543819 0.0 60000
1695867616377 0.0 64000
1695867688766 0.0 68000
1695867761246 0.0 72000
1695867833748 0.0 76000
1695867906070 0.0 80000
1695867978746 0.0 84000
1695868051047 0.0 88000
1695868123285 0.0 92000
1695868195491 0.0 96000
1695868267593 0.0 100000
1695868339945 0.0 104000
1695868412182 0.0 108000
1695868484360 0.0 112000
1695868556668 0.0 116000
1695868628939 0.0 120000
1695868701662 0.0 124000
1695868774001 0.0 128000
1695868846377 0.0 132000
1695868918413 0.0 136000
1695868990734 0.0 140000
1695869062828 0.0 144000
1695869135062 0.0 148000
1695869207493 0.0 152000
1695869279580 0.0 156000
1695869351826 0.0 160000
1695869424240 0.0 164000
1695869496443 0.0 168000
1695869568867 0.0 172000
1695869641150 0.0 176000
1695869713378 0.0 180000
1695869785862 0.0 184000
1695869858559 0.0 188000
1695869931237 0.0 192000
1695870003579 0.0 196000
1695870076103 0.0 200000
1695870148335 0.0 204000
1695870220460 0.0 208000
1695870291260 0.0 212000
1695870363009 0.0 216000
1695870434932 0.0 220000
1695870507457 0.0 224000
1695870580566 0.0 228000
1695870653055 0.0 232000
1695870725416 0.0 236000
1695870797563 0.0 240000
1695870869873 0.0 244000
1695870942316 0.0 248000
1695871014880 0.0 252000
1695871087156 0.0 256000
1695871159339 0.0 260000
1695871231760 0.0 264000
1695871304410 0.0 268000
