1695866460295 1.0 4000
1695866539232 1.0 8000
1695866617961 1.0 12000
1695866696185 1.0 16000
1695866774366 1.0 20000
1695866852852 1.0 24000
1695866931665 1.0 28000
1695867010535 1.0 32000
1695867089048 1.0 36000
1695867167948 1.0 40000
1695867246619 1.0 44000
1695867324955 1.0 48000
1695867398861 1.0 52000
1695867471337 1.0 56000
1695867543812 1.0 60000
1695867616370 1.0 64000
1695867688759 1.0 68000
1695867761240 1.0 72000
1695867833742 1.0 76000
1695867906062 1.0 80000
1695867978740 1.0 84000
1695868051040 1.0 88000
1695868123278 1.0 92000
1695868195485 1.0 96000
1695868267587 1.0 100000
1695868339938 1.0 104000
1695868412175 1.0 108000
1695868484352 1.0 112000
1695868556661 1.0 116000
1695868628932 1.0 120000
1695868701655 1.0 124000
1695868773995 1.0 128000
1695868846371 1.0 132000
1695868918407 1.0 136000
1695868990726 1.0 140000
1695869062822 1.0 144000
1695869135055 1.0 148000
1695869207486 1.0 152000
1695869279573 1.0 156000
1695869351816 1.0 160000
1695869424233 1.0 164000
1695869496437 1.0 168000
1695869568861 1.0 172000
1695869641144 1.0 176000
1695869713371 1.0 180000
1695869785855 1.0 184000
1695869858552 1.0 188000
1695869931230 1.0 192000
1695870003572 1.0 196000
1695870076096 1.0 200000
1695870148328 1.0 204000
1695870220453 1.0 208000
1695870291254 1.0 212000
1695870363002 1.0 216000
1695870434925 1.0 220000
1695870507451 1.0 224000
1695870580559 1.0 228000
1695870653047 1.0 232000
1695870725410 1.0 236000
1695870797556 1.0 240000
1695870869867 1.0 244000
1695870942309 1.0 248000
1695871014872 1.0 252000
1695871087149 1.0 256000
1695871159334 1.0 260000
1695871231753 1.0 264000
1695871304403 1.0 268000
