1695866460299 2.0 4000
1695866539234 2.0 8000
1695866617964 2.0 12000
1695866696187 2.0 16000
1695866774368 2.0 20000
1695866852854 2.0 24000
1695866931669 2.0 28000
1695867010538 2.0 32000
1695867089050 2.0 36000
1695867167951 2.0 40000
1695867246622 2.0 44000
1695867324958 2.0 48000
1695867398864 2.0 52000
1695867471341 2.0 56000
1695867543815 2.0 60000
1695867616373 2.0 64000
1695867688762 2.0 68000
1695867761242 2.0 72000
1695867833744 2.0 76000
1695867906066 2.0 80000
1695867978743 2.0 84000
1695868051043 2.0 88000
1695868123281 2.0 92000
1695868195488 2.0 96000
1695868267590 2.0 100000
1695868339941 2.0 104000
1695868412178 2.0 108000
1695868484355 2.0 112000
1695868556664 2.0 116000
1695868628935 2.0 120000
1695868701658 2.0 124000
1695868773998 2.0 128000
1695868846374 2.0 132000
1695868918409 2.0 136000
1695868990730 2.0 140000
1695869062825 2.0 144000
1695869135058 2.0 148000
1695869207489 2.0 152000
1695869279576 2.0 156000
1695869351819 2.0 160000
1695869424236 2.0 164000
1695869496440 2.0 168000
1695869568864 2.0 172000
1695869641146 2.0 176000
1695869713374 2.0 180000
1695869785858 2.0 184000
1695869858555 2.0 188000
1695869931233 2.0 192000
1695870003575 2.0 196000
1695870076099 2.0 200000
1695870148331 2.0 204000
1695870220456 2.0 208000
1695870291256 2.0 212000
1695870363005 2.0 216000
1695870434928 2.0 220000
1695870507454 2.0 224000
1695870580562 2.0 228000
1695870653050 2.0 232000
1695870725412 2.0 236000
1695870797559 2.0 240000
1695870869870 2.0 244000
1695870942311 2.0 248000
1695871014875 2.0 252000
1695871087152 2.0 256000
1695871159336 2.0 260000
1695871231756 2.0 264000
1695871304406 2.0 268000
