1695866460300 0.0 4000
1695866539236 0.0 8000
1695866617965 0.0 12000
1695866696188 0.0 16000
1695866774370 0.0 20000
1695866852855 0.0 24000
1695866931670 0.0 28000
1695867010539 0.0 32000
1695867089051 0.0 36000
1695867167953 0.0 40000
1695867246623 0.0 44000
1695867324959 0.0 48000
1695867398865 0.0 52000
1695867471342 0.0 56000
1695867543816 0.0 60000
1695867616374 0.0 64000
1695867688763 0.0 68000
1695867761244 0.0 72000
1695867833745 0.0 76000
1695867906067 0.0 80000
1695867978744 0.0 84000
1695868051044 0.0 88000
1695868123282 0.0 92000
1695868195489 0.0 96000
1695868267591 0.0 100000
1695868339942 0.0 104000
1695868412179 0.0 108000
1695868484357 0.0 112000
1695868556665 0.0 116000
1695868628936 0.0 120000
1695868701659 0.0 124000
1695868773999 0.0 128000
1695868846375 0.0 132000
1695868918411 0.0 136000
1695868990731 0.0 140000
1695869062826 0.0 144000
1695869135059 0.0 148000
1695869207490 0.0 152000
1695869279577 0.0 156000
1695869351820 0.0 160000
1695869424237 0.0 164000
1695869496441 0.0 168000
1695869568865 0.0 172000
1695869641148 0.0 176000
1695869713375 0.0 180000
1695869785859 0.0 184000
1695869858556 0.0 188000
1695869931234 0.0 192000
1695870003576 0.0 196000
1695870076100 0.0 200000
1695870148332 0.0 204000
1695870220457 0.0 208000
1695870291258 0.0 212000
1695870363006 0.0 216000
1695870434929 0.0 220000
1695870507455 0.0 224000
1695870580563 0.0 228000
1695870653051 0.0 232000
1695870725414 0.0 236000
1695870797560 0.0 240000
1695870869871 0.0 244000
1695870942313 0.0 248000
1695871014876 0.0 252000
1695871087153 0.0 256000
1695871159337 0.0 260000
1695871231757 0.0 264000
1695871304407 0.0 268000
