1695866460297 50.0 4000
1695866539233 50.0 8000
1695866617963 50.0 12000
1695866696186 50.0 16000
1695866774367 50.0 20000
1695866852853 50.0 24000
1695866931667 50.0 28000
1695867010537 50.0 32000
1695867089050 50.0 36000
1695867167950 50.0 40000
1695867246621 50.0 44000
1695867324957 50.0 48000
1695867398863 50.0 52000
1695867471339 50.0 56000
1695867543814 50.0 60000
1695867616372 50.0 64000
1695867688761 50.0 68000
1695867761241 50.0 72000
1695867833743 50.0 76000
1695867906065 50.0 80000
1695867978742 50.0 84000
1695868051042 50.0 88000
1695868123280 50.0 92000
1695868195487 50.0 96000
1695868267589 50.0 100000
1695868339940 50.0 104000
1695868412177 50.0 108000
1695868484354 50.0 112000
1695868556663 50.0 116000
1695868628934 50.0 120000
1695868701657 50.0 124000
1695868773997 50.0 128000
1695868846373 50.0 132000
1695868918408 50.0 136000
1695868990728 50.0 140000
1695869062824 50.0 144000
1695869135057 50.0 148000
1695869207488 50.0 152000
1695869279575 50.0 156000
1695869351817 50.0 160000
1695869424235 50.0 164000
1695869496439 50.0 168000
1695869568862 50.0 172000
1695869641145 50.0 176000
1695869713373 50.0 180000
1695869785857 50.0 184000
1695869858554 50.0 188000
1695869931232 50.0 192000
1695870003574 50.0 196000
1695870076097 50.0 200000
1695870148329 50.0 204000
1695870220455 50.0 208000
1695870291255 50.0 212000
1695870363004 50.0 216000
1695870434927 50.0 220000
1695870507453 50.0 224000
1695870580561 50.0 228000
1695870653049 50.0 232000
1695870725411 50.0 236000
1695870797558 50.0 240000
1695870869869 50.0 244000
1695870942310 50.0 248000
1695871014874 50.0 252000
1695871087151 50.0 256000
1695871159335 50.0 260000
1695871231754 50.0 264000
1695871304405 50.0 268000
