1695866460296 50.0 4000
1695866539233 50.0 8000
1695866617962 50.0 12000
1695866696186 50.0 16000
1695866774367 50.0 20000
1695866852852 50.0 24000
1695866931667 50.0 28000
1695867010536 50.0 32000
1695867089049 50.0 36000
1695867167950 50.0 40000
1695867246620 50.0 44000
1695867324957 50.0 48000
1695867398862 50.0 52000
1695867471339 50.0 56000
1695867543813 50.0 60000
1695867616371 50.0 64000
1695867688760 50.0 68000
1695867761241 50.0 72000
1695867833743 50.0 76000
1695867906064 50.0 80000
1695867978741 50.0 84000
1695868051041 50.0 88000
1695868123279 50.0 92000
1695868195486 50.0 96000
1695868267588 50.0 100000
1695868339940 50.0 104000
1695868412176 50.0 108000
1695868484353 50.0 112000
1695868556663 50.0 116000
1695868628934 50.0 120000
1695868701657 50.0 124000
1695868773996 50.0 128000
1695868846372 50.0 132000
1695868918408 50.0 136000
1695868990728 50.0 140000
1695869062823 50.0 144000
1695869135056 50.0 148000
1695869207487 50.0 152000
1695869279574 50.0 156000
1695869351817 50.0 160000
1695869424235 50.0 164000
1695869496438 50.0 168000
1695869568862 50.0 172000
1695869641145 50.0 176000
1695869713372 50.0 180000
1695869785856 50.0 184000
1695869858553 50.0 188000
1695869931231 50.0 192000
1695870003573 50.0 196000
1695870076097 50.0 200000
1695870148329 50.0 204000
1695870220454 50.0 208000
1695870291255 50.0 212000
1695870363003 50.0 216000
1695870434926 50.0 220000
1695870507452 50.0 224000
1695870580560 50.0 228000
1695870653048 50.0 232000
1695870725411 50.0 236000
1695870797557 50.0 240000
1695870869868 50.0 244000
1695870942310 50.0 248000
1695871014873 50.0 252000
1695871087150 50.0 256000
1695871159335 50.0 260000
1695871231754 50.0 264000
1695871304404 50.0 268000
