1695866460298 32.0 4000
1695866539234 32.0 8000
1695866617963 32.0 12000
1695866696187 32.0 16000
1695866774368 32.0 20000
1695866852854 32.0 24000
1695866931668 32.0 28000
1695867010537 32.0 32000
1695867089050 32.0 36000
1695867167951 32.0 40000
1695867246622 32.0 44000
1695867324958 32.0 48000
1695867398864 32.0 52000
1695867471340 32.0 56000
1695867543814 32.0 60000
1695867616372 32.0 64000
1695867688761 32.0 68000
1695867761242 32.0 72000
1695867833744 32.0 76000
1695867906065 32.0 80000
1695867978742 32.0 84000
1695868051043 32.0 88000
1695868123280 32.0 92000
1695868195487 32.0 96000
1695868267589 32.0 100000
1695868339941 32.0 104000
1695868412177 32.0 108000
1695868484355 32.0 112000
1695868556664 32.0 116000
1695868628935 32.0 120000
1695868701658 32.0 124000
1695868773997 32.0 128000
1695868846373 32.0 132000
1695868918409 32.0 136000
1695868990729 32.0 140000
1695869062824 32.0 144000
1695869135057 32.0 148000
1695869207489 32.0 152000
1695869279575 32.0 156000
1695869351818 32.0 160000
1695869424236 32.0 164000
1695869496439 32.0 168000
1695869568863 32.0 172000
1695869641146 32.0 176000
1695869713373 32.0 180000
1695869785858 32.0 184000
1695869858554 32.0 188000
1695869931233 32.0 192000
1695870003574 32.0 196000
1695870076098 32.0 200000
1695870148330 32.0 204000
1695870220455 32.0 208000
1695870291256 32.0 212000
1695870363005 32.0 216000
1695870434927 32.0 220000
1695870507453 32.0 224000
1695870580561 32.0 228000
1695870653049 32.0 232000
1695870725412 32.0 236000
1695870797558 32.0 240000
1695870869869 32.0 244000
1695870942311 32.0 248000
1695871014875 32.0 252000
1695871087151 32.0 256000
1695871159336 32.0 260000
1695871231755 32.0 264000
1695871304406 32.0 268000
