1695866460294 1.0 4000
1695866539230 1.0 8000
1695866617960 1.0 12000
1695866696184 1.0 16000
1695866774364 1.0 20000
1695866852851 1.0 24000
1695866931664 1.0 28000
1695867010534 1.0 32000
1695867089047 1.0 36000
1695867167947 1.0 40000
1695867246618 1.0 44000
1695867324954 1.0 48000
1695867398860 1.0 52000
1695867471336 1.0 56000
1695867543811 1.0 60000
1695867616369 1.0 64000
1695867688758 1.0 68000
1695867761239 1.0 72000
1695867833740 1.0 76000
1695867906061 1.0 80000
1695867978739 1.0 84000
1695868051039 1.0 88000
1695868123277 1.0 92000
1695868195484 1.0 96000
1695868267586 1.0 100000
1695868339937 1.0 104000
1695868412174 1.0 108000
1695868484351 1.0 112000
1695868556660 1.0 116000
1695868628931 1.0 120000
1695868701654 1.0 124000
1695868773994 1.0 128000
1695868846370 1.0 132000
1695868918406 1.0 136000
1695868990725 1.0 140000
1695869062821 1.0 144000
1695869135054 1.0 148000
1695869207485 1.0 152000
1695869279572 1.0 156000
1695869351815 1.0 160000
1695869424232 1.0 164000
1695869496436 1.0 168000
1695869568860 1.0 172000
1695869641142 1.0 176000
1695869713369 1.0 180000
1695869785854 1.0 184000
1695869858551 1.0 188000
1695869931229 1.0 192000
1695870003571 1.0 196000
1695870076094 1.0 200000
1695870148326 1.0 204000
1695870220452 1.0 208000
1695870291253 1.0 212000
1695870363001 1.0 216000
1695870434924 1.0 220000
1695870507449 1.0 224000
1695870580558 1.0 228000
1695870653046 1.0 232000
1695870725409 1.0 236000
1695870797555 1.0 240000
1695870869866 1.0 244000
1695870942308 1.0 248000
1695871014871 1.0 252000
1695871087148 1.0 256000
1695871159333 1.0 260000
1695871231752 1.0 264000
1695871304402 1.0 268000
