1695866460294 64.0 4000
1695866539231 64.0 8000
1695866617961 64.0 12000
1695866696184 64.0 16000
1695866774365 64.0 20000
1695866852851 64.0 24000
1695866931665 64.0 28000
1695867010535 64.0 32000
1695867089048 64.0 36000
1695867167948 64.0 40000
1695867246619 64.0 44000
1695867324955 64.0 48000
1695867398861 64.0 52000
1695867471337 64.0 56000
1695867543811 64.0 60000
1695867616369 64.0 64000
1695867688759 64.0 68000
1695867761239 64.0 72000
1695867833741 64.0 76000
1695867906062 64.0 80000
1695867978739 64.0 84000
1695868051040 64.0 88000
1695868123277 64.0 92000
1695868195484 64.0 96000
1695868267586 64.0 100000
1695868339938 64.0 104000
1695868412175 64.0 108000
1695868484351 64.0 112000
1695868556661 64.0 116000
1695868628932 64.0 120000
1695868701655 64.0 124000
1695868773994 64.0 128000
1695868846371 64.0 132000
1695868918406 64.0 136000
1695868990726 64.0 140000
1695869062821 64.0 144000
1695869135054 64.0 148000
1695869207486 64.0 152000
1695869279572 64.0 156000
1695869351815 64.0 160000
1695869424233 64.0 164000
1695869496437 64.0 168000
1695869568860 64.0 172000
1695869641143 64.0 176000
1695869713370 64.0 180000
1695869785855 64.0 184000
1695869858551 64.0 188000
1695869931230 64.0 192000
1695870003571 64.0 196000
1695870076095 64.0 200000
1695870148327 64.0 204000
1695870220453 64.0 208000
1695870291253 64.0 212000
1695870363002 64.0 216000
1695870434924 64.0 220000
1695870507450 64.0 224000
1695870580559 64.0 228000
1695870653046 64.0 232000
1695870725409 64.0 236000
1695870797556 64.0 240000
1695870869867 64.0 244000
1695870942308 64.0 248000
1695871014871 64.0 252000
1695871087148 64.0 256000
1695871159333 64.0 260000
1695871231752 64.0 264000
1695871304403 64.0 268000
