1695866460296 32.0 4000
1695866539232 32.0 8000
1695866617962 32.0 12000
1695866696185 32.0 16000
1695866774366 32.0 20000
1695866852852 32.0 24000
1695866931666 32.0 28000
1695867010536 32.0 32000
1695867089049 32.0 36000
1695867167949 32.0 40000
1695867246620 32.0 44000
1695867324956 32.0 48000
1695867398862 32.0 52000
1695867471338 32.0 56000
1695867543813 32.0 60000
1695867616370 32.0 64000
1695867688760 32.0 68000
1695867761240 32.0 72000
1695867833742 32.0 76000
1695867906063 32.0 80000
1695867978740 32.0 84000
1695868051041 32.0 88000
1695868123278 32.0 92000
1695868195485 32.0 96000
1695868267588 32.0 100000
1695868339939 32.0 104000
1695868412176 32.0 108000
1695868484353 32.0 112000
1695868556662 32.0 116000
1695868628933 32.0 120000
1695868701656 32.0 124000
1695868773995 32.0 128000
1695868846372 32.0 132000
1695868918407 32.0 136000
1695868990727 32.0 140000
1695869062823 32.0 144000
1695869135055 32.0 148000
1695869207487 32.0 152000
1695869279573 32.0 156000
1695869351816 32.0 160000
1695869424234 32.0 164000
1695869496438 32.0 168000
1695869568861 32.0 172000
1695869641144 32.0 176000
1695869713371 32.0 180000
1695869785856 32.0 184000
1695869858553 32.0 188000
1695869931231 32.0 192000
1695870003572 32.0 196000
1695870076096 32.0 200000
1695870148328 32.0 204000
1695870220454 32.0 208000
1695870291254 32.0 212000
1695870363003 32.0 216000
1695870434925 32.0 220000
1695870507451 32.0 224000
1695870580560 32.0 228000
1695870653047 32.0 232000
1695870725410 32.0 236000
1695870797557 32.0 240000
1695870869868 32.0 244000
1695870942309 32.0 248000
1695871014873 32.0 252000
1695871087150 32.0 256000
1695871159334 32.0 260000
1695871231753 32.0 264000
1695871304404 32.0 268000
