1695866460302 84.0 4000
1695866539237 84.0 8000
1695866617966 84.0 12000
1695866696189 84.0 16000
1695866774371 84.0 20000
1695866852856 84.0 24000
1695866931671 84.0 28000
1695867010540 84.0 32000
1695867089052 84.0 36000
1695867167954 84.0 40000
1695867246624 84.0 44000
1695867324961 84.0 48000
1695867398867 84.0 52000
1695867471343 84.0 56000
1695867543817 84.0 60000
1695867616375 84.0 64000
1695867688764 84.0 68000
1695867761245 84.0 72000
1695867833746 84.0 76000
1695867906069 84.0 80000
1695867978745 84.0 84000
1695868051046 84.0 88000
1695868123283 84.0 92000
1695868195490 84.0 96000
1695868267592 84.0 100000
1695868339943 84.0 104000
1695868412180 84.0 108000
1695868484358 84.0 112000
1695868556666 84.0 116000
1695868628937 84.0 120000
1695868701660 84.0 124000
1695868774000 84.0 128000
1695868846376 84.0 132000
1695868918412 84.0 136000
1695868990732 84.0 140000
1695869062827 84.0 144000
1695869135060 84.0 148000
1695869207491 84.0 152000
1695869279578 84.0 156000
1695869351821 84.0 160000
1695869424239 84.0 164000
1695869496442 84.0 168000
1695869568866 84.0 172000
1695869641149 84.0 176000
1695869713376 84.0 180000
1695869785860 84.0 184000
1695869858557 84.0 188000
1695869931236 84.0 192000
1695870003577 84.0 196000
1695870076101 84.0 200000
1695870148333 84.0 204000
1695870220458 84.0 208000
1695870291259 84.0 212000
1695870363007 84.0 216000
1695870434930 84.0 220000
1695870507456 84.0 224000
1695870580564 84.0 228000
1695870653053 84.0 232000
1695870725415 84.0 236000
1695870797561 84.0 240000
1695870869872 84.0 244000
1695870942314 84.0 248000
1695871014878 84.0 252000
1695871087155 84.0 256000
1695871159338 84.0 260000
1695871231758 84.0 264000
1695871304409 84.0 268000
