1695866460301 1.0 4000
1695866539236 1.0 8000
1695866617965 1.0 12000
1695866696189 1.0 16000
1695866774370 1.0 20000
1695866852856 1.0 24000
1695866931670 1.0 28000
1695867010540 1.0 32000
1695867089052 1.0 36000
1695867167953 1.0 40000
1695867246624 1.0 44000
1695867324960 1.0 48000
1695867398866 1.0 52000
1695867471342 1.0 56000
1695867543816 1.0 60000
1695867616375 1.0 64000
1695867688764 1.0 68000
1695867761244 1.0 72000
1695867833746 1.0 76000
1695867906068 1.0 80000
1695867978744 1.0 84000
1695868051045 1.0 88000
1695868123283 1.0 92000
1695868195489 1.0 96000
1695868267591 1.0 100000
1695868339943 1.0 104000
1695868412180 1.0 108000
1695868484357 1.0 112000
1695868556666 1.0 116000
1695868628937 1.0 120000
1695868701660 1.0 124000
1695868773999 1.0 128000
1695868846375 1.0 132000
1695868918411 1.0 136000
1695868990732 1.0 140000
1695869062826 1.0 144000
1695869135060 1.0 148000
1695869207491 1.0 152000
1695869279578 1.0 156000
1695869351820 1.0 160000
1695869424238 1.0 164000
1695869496441 1.0 168000
1695869568865 1.0 172000
1695869641148 1.0 176000
1695869713376 1.0 180000
1695869785860 1.0 184000
1695869858557 1.0 188000
1695869931235 1.0 192000
1695870003576 1.0 196000
1695870076100 1.0 200000
1695870148332 1.0 204000
1695870220458 1.0 208000
1695870291258 1.0 212000
1695870363007 1.0 216000
1695870434929 1.0 220000
1695870507455 1.0 224000
1695870580564 1.0 228000
1695870653052 1.0 232000
1695870725414 1.0 236000
1695870797561 1.0 240000
1695870869872 1.0 244000
1695870942313 1.0 248000
1695871014877 1.0 252000
1695871087154 1.0 256000
1695871159337 1.0 260000
1695871231758 1.0 264000
1695871304408 1.0 268000
