1695866460303 0.0 4000
1695866539238 0.0 8000
1695866617966 0.0 12000
1695866696190 0.0 16000
1695866774372 0.0 20000
1695866852857 0.0 24000
1695866931672 0.0 28000
1695867010541 0.0 32000
1695867089053 0.0 36000
1695867167954 0.0 40000
1695867246625 0.0 44000
1695867324961 0.0 48000
1695867398867 0.0 52000
1695867471343 0.0 56000
1695867543817 0.0 60000
1695867616376 0.0 64000
1695867688765 0.0 68000
1695867761245 0.0 72000
1695867833747 0.0 76000
1695867906069 0.0 80000
1695867978745 0.0 84000
1695868051046 0.0 88000
1695868123284 0.0 92000
1695868195490 0.0 96000
1695868267592 0.0 100000
1695868339944 0.0 104000
1695868412181 0.0 108000
1695868484358 0.0 112000
1695868556667 0.0 116000
1695868628938 0.0 120000
1695868701661 0.0 124000
1695868774000 0.0 128000
1695868846376 0.0 132000
1695868918412 0.0 136000
1695868990733 0.0 140000
1695869062827 0.0 144000
1695869135061 0.0 148000
1695869207492 0.0 152000
1695869279579 0.0 156000
1695869351821 0.0 160000
1695869424239 0.0 164000
1695869496442 0.0 168000
1695869568866 0.0 172000
1695869641149 0.0 176000
1695869713377 0.0 180000
1695869785861 0.0 184000
1695869858558 0.0 188000
1695869931236 0.0 192000
1695870003578 0.0 196000
1695870076101 0.0 200000
1695870148334 0.0 204000
1695870220459 0.0 208000
1695870291259 0.0 212000
1695870363008 0.0 216000
1695870434931 0.0 220000
1695870507456 0.0 224000
1695870580565 0.0 228000
1695870653053 0.0 232000
1695870725415 0.0 236000
1695870797562 0.0 240000
1695870869872 0.0 244000
1695870942315 0.0 248000
1695871014878 0.0 252000
1695871087155 0.0 256000
1695871159338 0.0 260000
1695871231759 0.0 264000
1695871304409 0.0 268000
