1695866460305 -1.0 4000
1695866539239 -1.0 8000
1695866617968 -1.0 12000
1695866696192 -1.0 16000
1695866774373 -1.0 20000
1695866852859 -1.0 24000
1695866931673 -1.0 28000
1695867010542 -1.0 32000
1695867089054 -1.0 36000
1695867167956 -1.0 40000
1695867246626 -1.0 44000
1695867324963 -1.0 48000
1695867398869 -1.0 52000
1695867471345 -1.0 56000
1695867543819 -1.0 60000
1695867616377 -1.0 64000
1695867688766 -1.0 68000
1695867761247 -1.0 72000
1695867833748 -1.0 76000
1695867906071 -1.0 80000
1695867978747 -1.0 84000
1695868051048 -1.0 88000
1695868123286 -1.0 92000
1695868195492 -1.0 96000
1695868267594 -1.0 100000
1695868339945 -1.0 104000
1695868412182 -1.0 108000
1695868484360 -1.0 112000
1695868556668 -1.0 116000
1695868628939 -1.0 120000
1695868701663 -1.0 124000
1695868774002 -1.0 128000
1695868846377 -1.0 132000
1695868918414 -1.0 136000
1695868990735 -1.0 140000
1695869062829 -1.0 144000
1695869135062 -1.0 148000
1695869207494 -1.0 152000
1695869279580 -1.0 156000
1695869351827 -1.0 160000
1695869424240 -1.0 164000
1695869496444 -1.0 168000
1695869568868 -1.0 172000
1695869641151 -1.0 176000
1695869713379 -1.0 180000
1695869785862 -1.0 184000
1695869858559 -1.0 188000
1695869931238 -1.0 192000
1695870003579 -1.0 196000
1695870076103 -1.0 200000
1695870148335 -1.0 204000
1695870220460 -1.0 208000
1695870291261 -1.0 212000
1695870363010 -1.0 216000
1695870434932 -1.0 220000
1695870507458 -1.0 224000
1695870580566 -1.0 228000
1695870653055 -1.0 232000
1695870725417 -1.0 236000
1695870797563 -1.0 240000
1695870869874 -1.0 244000
1695870942316 -1.0 248000
1695871014880 -1.0 252000
1695871087157 -1.0 256000
1695871159340 -1.0 260000
1695871231760 -1.0 264000
1695871304411 -1.0 268000
