1695866460290 256.0 4000
1695866539227 256.0 8000
1695866617958 256.0 12000
1695866696181 256.0 16000
1695866774361 256.0 20000
1695866852848 256.0 24000
1695866931661 256.0 28000
1695867010531 256.0 32000
1695867089044 256.0 36000
1695867167944 256.0 40000
1695867246615 256.0 44000
1695867324951 256.0 48000
1695867398857 256.0 52000
1695867471334 256.0 56000
1695867543808 256.0 60000
1695867616366 256.0 64000
1695867688756 256.0 68000
1695867761236 256.0 72000
1695867833738 256.0 76000
1695867906058 256.0 80000
1695867978736 256.0 84000
1695868051036 256.0 88000
1695868123274 256.0 92000
1695868195480 256.0 96000
1695868267583 256.0 100000
1695868339935 256.0 104000
1695868412171 256.0 108000
1695868484348 256.0 112000
1695868556657 256.0 116000
1695868628928 256.0 120000
1695868701651 256.0 124000
1695868773990 256.0 128000
1695868846367 256.0 132000
1695868918402 256.0 136000
1695868990722 256.0 140000
1695869062818 256.0 144000
1695869135052 256.0 148000
1695869207482 256.0 152000
1695869279569 256.0 156000
1695869351812 256.0 160000
1695869424230 256.0 164000
1695869496433 256.0 168000
1695869568857 256.0 172000
1695869641139 256.0 176000
1695869713367 256.0 180000
1695869785851 256.0 184000
1695869858548 256.0 188000
1695869931227 256.0 192000
1695870003567 256.0 196000
1695870076091 256.0 200000
1695870148323 256.0 204000
1695870220449 256.0 208000
1695870291250 256.0 212000
1695870362998 256.0 216000
1695870434921 256.0 220000
1695870507446 256.0 224000
1695870580556 256.0 228000
1695870653042 256.0 232000
1695870725406 256.0 236000
1695870797552 256.0 240000
1695870869863 256.0 244000
1695870942305 256.0 248000
1695871014868 256.0 252000
1695871087145 256.0 256000
1695871159330 256.0 260000
1695871231749 256.0 264000
1695871304399 256.0 268000
