1695866460289 20.0 4000
1695866539227 20.0 8000
1695866617958 20.0 12000
1695866696180 20.0 16000
1695866774361 20.0 20000
1695866852848 20.0 24000
1695866931661 20.0 28000
1695867010531 20.0 32000
1695867089044 20.0 36000
1695867167944 20.0 40000
1695867246614 20.0 44000
1695867324951 20.0 48000
1695867398856 20.0 52000
1695867471334 20.0 56000
1695867543807 20.0 60000
1695867616366 20.0 64000
1695867688755 20.0 68000
1695867761235 20.0 72000
1695867833737 20.0 76000
1695867906057 20.0 80000
1695867978735 20.0 84000
1695868051036 20.0 88000
1695868123273 20.0 92000
1695868195480 20.0 96000
1695868267582 20.0 100000
1695868339934 20.0 104000
1695868412171 20.0 108000
1695868484347 20.0 112000
1695868556657 20.0 116000
1695868628927 20.0 120000
1695868701651 20.0 124000
1695868773990 20.0 128000
1695868846366 20.0 132000
1695868918402 20.0 136000
1695868990722 20.0 140000
1695869062818 20.0 144000
1695869135051 20.0 148000
1695869207481 20.0 152000
1695869279569 20.0 156000
1695869351812 20.0 160000
1695869424229 20.0 164000
1695869496433 20.0 168000
1695869568856 20.0 172000
1695869641139 20.0 176000
1695869713366 20.0 180000
1695869785850 20.0 184000
1695869858547 20.0 188000
1695869931226 20.0 192000
1695870003567 20.0 196000
1695870076091 20.0 200000
1695870148323 20.0 204000
1695870220449 20.0 208000
1695870291250 20.0 212000
1695870362998 20.0 216000
1695870434921 20.0 220000
1695870507446 20.0 224000
1695870580555 20.0 228000
1695870653042 20.0 232000
1695870725406 20.0 236000
1695870797552 20.0 240000
1695870869862 20.0 244000
1695870942304 20.0 248000
1695871014867 20.0 252000
1695871087144 20.0 256000
1695871159329 20.0 260000
1695871231749 20.0 264000
1695871304399 20.0 268000
