1695866460287 0.0 4000
1695866539225 0.0 8000
1695866617956 0.0 12000
1695866696178 0.0 16000
1695866774359 0.0 20000
1695866852846 0.0 24000
1695866931659 0.0 28000
1695867010529 0.0 32000
1695867089042 0.0 36000
1695867167942 0.0 40000
1695867246613 0.0 44000
1695867324949 0.0 48000
1695867398855 0.0 52000
1695867471332 0.0 56000
1695867543805 0.0 60000
1695867616364 0.0 64000
1695867688753 0.0 68000
1695867761234 0.0 72000
1695867833736 0.0 76000
1695867906055 0.0 80000
1695867978734 0.0 84000
1695868051034 0.0 88000
1695868123271 0.0 92000
1695868195478 0.0 96000
1695868267581 0.0 100000
1695868339933 0.0 104000
1695868412169 0.0 108000
1695868484345 0.0 112000
1695868556655 0.0 116000
1695868628926 0.0 120000
1695868701649 0.0 124000
1695868773988 0.0 128000
1695868846365 0.0 132000
1695868918400 0.0 136000
1695868990720 0.0 140000
1695869062816 0.0 144000
1695869135050 0.0 148000
1695869207479 0.0 152000
1695869279567 0.0 156000
1695869351810 0.0 160000
1695869424228 0.0 164000
1695869496431 0.0 168000
1695869568855 0.0 172000
1695869641137 0.0 176000
1695869713364 0.0 180000
1695869785849 0.0 184000
1695869858546 0.0 188000
1695869931225 0.0 192000
1695870003565 0.0 196000
1695870076089 0.0 200000
1695870148321 0.0 204000
1695870220447 0.0 208000
1695870291248 0.0 212000
1695870362996 0.0 216000
1695870434919 0.0 220000
1695870507444 0.0 224000
1695870580554 0.0 228000
1695870653040 0.0 232000
1695870725404 0.0 236000
1695870797550 0.0 240000
1695870869861 0.0 244000
1695870942303 0.0 248000
1695871014866 0.0 252000
1695871087142 0.0 256000
1695871159327 0.0 260000
1695871231747 0.0 264000
1695871304397 0.0 268000
