1695866460289 0.0 4000
1695866539226 0.0 8000
1695866617957 0.0 12000
1695866696179 0.0 16000
1695866774360 0.0 20000
1695866852847 0.0 24000
1695866931660 0.0 28000
1695867010530 0.0 32000
1695867089043 0.0 36000
1695867167943 0.0 40000
1695867246614 0.0 44000
1695867324950 0.0 48000
1695867398856 0.0 52000
1695867471333 0.0 56000
1695867543806 0.0 60000
1695867616365 0.0 64000
1695867688755 0.0 68000
1695867761235 0.0 72000
1695867833737 0.0 76000
1695867906057 0.0 80000
1695867978735 0.0 84000
1695868051035 0.0 88000
1695868123272 0.0 92000
1695868195479 0.0 96000
1695868267582 0.0 100000
1695868339934 0.0 104000
1695868412170 0.0 108000
1695868484347 0.0 112000
1695868556656 0.0 116000
1695868628927 0.0 120000
1695868701650 0.0 124000
1695868773989 0.0 128000
1695868846366 0.0 132000
1695868918401 0.0 136000
1695868990721 0.0 140000
1695869062817 0.0 144000
1695869135051 0.0 148000
1695869207481 0.0 152000
1695869279568 0.0 156000
1695869351811 0.0 160000
1695869424229 0.0 164000
1695869496432 0.0 168000
1695869568856 0.0 172000
1695869641138 0.0 176000
1695869713365 0.0 180000
1695869785850 0.0 184000
1695869858547 0.0 188000
1695869931226 0.0 192000
1695870003566 0.0 196000
1695870076090 0.0 200000
1695870148322 0.0 204000
1695870220448 0.0 208000
1695870291249 0.0 212000
1695870362997 0.0 216000
1695870434920 0.0 220000
1695870507445 0.0 224000
1695870580555 0.0 228000
1695870653041 0.0 232000
1695870725405 0.0 236000
1695870797551 0.0 240000
1695870869862 0.0 244000
1695870942304 0.0 248000
1695871014867 0.0 252000
1695871087144 0.0 256000
1695871159328 0.0 260000
1695871231748 0.0 264000
1695871304398 0.0 268000
