1695866460303 1.0 4000
1695866539238 1.0 8000
1695866617967 1.0 12000
1695866696191 1.0 16000
1695866774372 1.0 20000
1695866852858 1.0 24000
1695866931672 1.0 28000
1695867010541 1.0 32000
1695867089053 1.0 36000
1695867167955 1.0 40000
1695867246625 1.0 44000
1695867324962 1.0 48000
1695867398868 1.0 52000
1695867471344 1.0 56000
1695867543818 1.0 60000
1695867616376 1.0 64000
1695867688765 1.0 68000
1695867761246 1.0 72000
1695867833747 1.0 76000
1695867906070 1.0 80000
1695867978746 1.0 84000
1695868051047 1.0 88000
1695868123284 1.0 92000
1695868195491 1.0 96000
1695868267593 1.0 100000
1695868339944 1.0 104000
1695868412181 1.0 108000
1695868484359 1.0 112000
1695868556667 1.0 116000
1695868628938 1.0 120000
1695868701662 1.0 124000
1695868774001 1.0 128000
1695868846376 1.0 132000
1695868918413 1.0 136000
1695868990734 1.0 140000
1695869062828 1.0 144000
1695869135061 1.0 148000
1695869207493 1.0 152000
1695869279579 1.0 156000
1695869351823 1.0 160000
1695869424239 1.0 164000
1695869496443 1.0 168000
1695869568867 1.0 172000
1695869641150 1.0 176000
1695869713378 1.0 180000
1695869785861 1.0 184000
1695869858558 1.0 188000
1695869931237 1.0 192000
1695870003578 1.0 196000
1695870076102 1.0 200000
1695870148334 1.0 204000
1695870220459 1.0 208000
1695870291260 1.0 212000
1695870363008 1.0 216000
1695870434931 1.0 220000
1695870507457 1.0 224000
1695870580565 1.0 228000
1695870653054 1.0 232000
1695870725416 1.0 236000
1695870797562 1.0 240000
1695870869873 1.0 244000
1695870942315 1.0 248000
1695871014879 1.0 252000
1695871087156 1.0 256000
1695871159339 1.0 260000
1695871231759 1.0 264000
1695871304410 1.0 268000
