1695866617935 0.0 12000
1695866696159 0.0 16000
1695866774341 0.0 20000
1695866852830 0.0 24000
1695866931641 0.0 28000
1695867010510 0.0 32000
1695867089024 0.0 36000
1695867167924 0.0 40000
1695867246597 0.0 44000
1695867324931 0.0 48000
1695867398835 0.0 52000
1695867471317 0.0 56000
1695867543781 0.0 60000
1695867616347 0.0 64000
1695867688737 0.0 68000
1695867761217 0.0 72000
1695867833719 0.0 76000
1695867906037 0.0 80000
1695867978718 0.0 84000
1695868051017 0.0 88000
1695868123254 0.0 92000
1695868195462 0.0 96000
1695868267562 0.0 100000
1695868339916 0.0 104000
1695868412150 0.0 108000
1695868484327 0.0 112000
1695868556639 0.0 116000
1695868628908 0.0 120000
1695868701631 0.0 124000
1695868773970 0.0 128000
1695868846349 0.0 132000
1695868918382 0.0 136000
1695868990701 0.0 140000
1695869062800 0.0 144000
1695869135034 0.0 148000
1695869207462 0.0 152000
1695869279549 0.0 156000
1695869351794 0.0 160000
1695869424212 0.0 164000
1695869496414 0.0 168000
1695869568838 0.0 172000
1695869641118 0.0 176000
1695869713345 0.0 180000
1695869785830 0.0 184000
1695869858528 0.0 188000
1695869931208 0.0 192000
1695870003547 0.0 196000
1695870076071 0.0 200000
1695870148303 0.0 204000
1695870220429 0.0 208000
1695870291231 0.0 212000
1695870362979 0.0 216000
1695870434903 0.0 220000
1695870507429 0.0 224000
1695870580538 0.0 228000
1695870653018 0.0 232000
1695870725386 0.0 236000
1695870797534 0.0 240000
1695870869845 0.0 244000
1695870942286 0.0 248000
1695871014847 0.0 252000
1695871087123 0.0 256000
1695871159309 0.0 260000
1695871231731 0.0 264000
1695871304381 0.0 268000
