1695866617936 0.0 12000
1695866696160 0.0 16000
1695866774342 0.0 20000
1695866852831 0.0 24000
1695866931642 0.0 28000
1695867010512 0.0 32000
1695867089025 0.0 36000
1695867167925 0.0 40000
1695867246598 0.0 44000
1695867324932 0.0 48000
1695867398836 0.0 52000
1695867471318 0.0 56000
1695867543782 0.0 60000
1695867616348 0.0 64000
1695867688738 0.0 68000
1695867761218 0.0 72000
1695867833720 0.0 76000
1695867906038 0.0 80000
1695867978719 0.0 84000
1695868051018 0.0 88000
1695868123255 0.0 92000
1695868195463 0.0 96000
1695868267564 0.0 100000
1695868339917 0.0 104000
1695868412151 0.0 108000
1695868484328 0.0 112000
1695868556640 0.0 116000
1695868628909 0.0 120000
1695868701632 0.0 124000
1695868773972 0.0 128000
1695868846350 0.0 132000
1695868918383 0.0 136000
1695868990702 0.0 140000
1695869062801 0.0 144000
1695869135034 0.0 148000
1695869207463 0.0 152000
1695869279551 0.0 156000
1695869351795 0.0 160000
1695869424213 0.0 164000
1695869496415 0.0 168000
1695869568839 0.0 172000
1695869641119 0.0 176000
1695869713347 0.0 180000
1695869785831 0.0 184000
1695869858529 0.0 188000
1695869931209 0.0 192000
1695870003548 0.0 196000
1695870076072 0.0 200000
1695870148304 0.0 204000
1695870220431 0.0 208000
1695870291232 0.0 212000
1695870362980 0.0 216000
1695870434904 0.0 220000
1695870507430 0.0 224000
1695870580539 0.0 228000
1695870653019 0.0 232000
1695870725388 0.0 236000
1695870797535 0.0 240000
1695870869846 0.0 244000
1695870942287 0.0 248000
1695871014848 0.0 252000
1695871087125 0.0 256000
1695871159310 0.0 260000
1695871231732 0.0 264000
1695871304382 0.0 268000
