1695866617941 0.0 12000
1695866696164 0.0 16000
1695866774346 0.0 20000
1695866852835 0.0 24000
1695866931646 0.0 28000
1695867010516 0.0 32000
1695867089029 0.0 36000
1695867167929 0.0 40000
1695867246601 0.0 44000
1695867324936 0.0 48000
1695867398840 0.0 52000
1695867471321 0.0 56000
1695867543786 0.0 60000
1695867616352 0.0 64000
1695867688742 0.0 68000
1695867761221 0.0 72000
1695867833723 0.0 76000
1695867906042 0.0 80000
1695867978723 0.0 84000
1695868051022 0.0 88000
1695868123259 0.0 92000
1695868195467 0.0 96000
1695868267568 0.0 100000
1695868339921 0.0 104000
1695868412155 0.0 108000
1695868484332 0.0 112000
1695868556644 0.0 116000
1695868628913 0.0 120000
1695868701636 0.0 124000
1695868773976 0.0 128000
1695868846354 0.0 132000
1695868918387 0.0 136000
1695868990706 0.0 140000
1695869062804 0.0 144000
1695869135038 0.0 148000
1695869207467 0.0 152000
1695869279555 0.0 156000
1695869351798 0.0 160000
1695869424216 0.0 164000
1695869496419 0.0 168000
1695869568843 0.0 172000
1695869641123 0.0 176000
1695869713351 0.0 180000
1695869785835 0.0 184000
1695869858533 0.0 188000
1695869931213 0.0 192000
1695870003551 0.0 196000
1695870076076 0.0 200000
1695870148308 0.0 204000
1695870220434 0.0 208000
1695870291235 0.0 212000
1695870362984 0.0 216000
1695870434907 0.0 220000
1695870507433 0.0 224000
1695870580542 0.0 228000
1695870653025 0.0 232000
1695870725392 0.0 236000
1695870797539 0.0 240000
1695870869850 0.0 244000
1695870942291 0.0 248000
1695871014852 0.0 252000
1695871087129 0.0 256000
1695871159314 0.0 260000
1695871231736 0.0 264000
1695871304386 0.0 268000
