1695866617941 0.0 12000
1695866696163 0.0 16000
1695866774346 0.0 20000
1695866852834 0.0 24000
1695866931645 0.0 28000
1695867010515 0.0 32000
1695867089029 0.0 36000
1695867167928 0.0 40000
1695867246601 0.0 44000
1695867324936 0.0 48000
1695867398839 0.0 52000
1695867471321 0.0 56000
1695867543785 0.0 60000
1695867616351 0.0 64000
1695867688741 0.0 68000
1695867761221 0.0 72000
1695867833723 0.0 76000
1695867906042 0.0 80000
1695867978722 0.0 84000
1695868051021 0.0 88000
1695868123258 0.0 92000
1695868195466 0.0 96000
1695868267567 0.0 100000
1695868339920 0.0 104000
1695868412155 0.0 108000
1695868484331 0.0 112000
1695868556643 0.0 116000
1695868628912 0.0 120000
1695868701635 0.0 124000
1695868773975 0.0 128000
1695868846353 0.0 132000
1695868918386 0.0 136000
1695868990705 0.0 140000
1695869062804 0.0 144000
1695869135038 0.0 148000
1695869207466 0.0 152000
1695869279554 0.0 156000
1695869351798 0.0 160000
1695869424216 0.0 164000
1695869496418 0.0 168000
1695869568842 0.0 172000
1695869641123 0.0 176000
1695869713350 0.0 180000
1695869785835 0.0 184000
1695869858532 0.0 188000
1695869931212 0.0 192000
1695870003551 0.0 196000
1695870076075 0.0 200000
1695870148307 0.0 204000
1695870220434 0.0 208000
1695870291235 0.0 212000
1695870362983 0.0 216000
1695870434907 0.0 220000
1695870507432 0.0 224000
1695870580542 0.0 228000
1695870653024 0.0 232000
1695870725391 0.0 236000
1695870797538 0.0 240000
1695870869849 0.0 244000
1695870942290 0.0 248000
1695871014852 0.0 252000
1695871087128 0.0 256000
1695871159313 0.0 260000
1695871231735 0.0 264000
1695871304385 0.0 268000
