1695866617938 0.0 12000
1695866696161 0.0 16000
1695866774343 0.0 20000
1695866852832 0.0 24000
1695866931643 0.0 28000
1695867010513 0.0 32000
1695867089026 0.0 36000
1695867167926 0.0 40000
1695867246599 0.0 44000
1695867324933 0.0 48000
1695867398837 0.0 52000
1695867471319 0.0 56000
1695867543783 0.0 60000
1695867616349 0.0 64000
1695867688739 0.0 68000
1695867761219 0.0 72000
1695867833721 0.0 76000
1695867906039 0.0 80000
1695867978720 0.0 84000
1695868051019 0.0 88000
1695868123256 0.0 92000
1695868195464 0.0 96000
1695868267565 0.0 100000
1695868339918 0.0 104000
1695868412152 0.0 108000
1695868484329 0.0 112000
1695868556641 0.0 116000
1695868628910 0.0 120000
1695868701633 0.0 124000
1695868773973 0.0 128000
1695868846351 0.0 132000
1695868918384 0.0 136000
1695868990703 0.0 140000
1695869062802 0.0 144000
1695869135036 0.0 148000
1695869207464 0.0 152000
1695869279552 0.0 156000
1695869351796 0.0 160000
1695869424214 0.0 164000
1695869496416 0.0 168000
1695869568840 0.0 172000
1695869641121 0.0 176000
1695869713348 0.0 180000
1695869785832 0.0 184000
1695869858530 0.0 188000
1695869931210 0.0 192000
1695870003549 0.0 196000
1695870076073 0.0 200000
1695870148305 0.0 204000
1695870220432 0.0 208000
1695870291233 0.0 212000
1695870362981 0.0 216000
1695870434905 0.0 220000
1695870507431 0.0 224000
1695870580540 0.0 228000
1695870653021 0.0 232000
1695870725389 0.0 236000
1695870797536 0.0 240000
1695870869847 0.0 244000
1695870942288 0.0 248000
1695871014849 0.0 252000
1695871087126 0.0 256000
1695871159311 0.0 260000
1695871231733 0.0 264000
1695871304383 0.0 268000
