1695866617939 0.0 12000
1695866696162 0.0 16000
1695866774344 0.0 20000
1695866852833 0.0 24000
1695866931644 0.0 28000
1695867010514 0.0 32000
1695867089027 0.0 36000
1695867167927 0.0 40000
1695867246600 0.0 44000
1695867324934 0.0 48000
1695867398838 0.0 52000
1695867471320 0.0 56000
1695867543784 0.0 60000
1695867616350 0.0 64000
1695867688740 0.0 68000
1695867761220 0.0 72000
1695867833722 0.0 76000
1695867906041 0.0 80000
1695867978721 0.0 84000
1695868051020 0.0 88000
1695868123257 0.0 92000
1695868195465 0.0 96000
1695868267566 0.0 100000
1695868339919 0.0 104000
1695868412154 0.0 108000
1695868484330 0.0 112000
1695868556642 0.0 116000
1695868628911 0.0 120000
1695868701634 0.0 124000
1695868773974 0.0 128000
1695868846352 0.0 132000
1695868918385 0.0 136000
1695868990704 0.0 140000
1695869062803 0.0 144000
1695869135037 0.0 148000
1695869207465 0.0 152000
1695869279553 0.0 156000
1695869351797 0.0 160000
1695869424215 0.0 164000
1695869496417 0.0 168000
1695869568841 0.0 172000
1695869641122 0.0 176000
1695869713349 0.0 180000
1695869785833 0.0 184000
1695869858531 0.0 188000
1695869931211 0.0 192000
1695870003550 0.0 196000
1695870076074 0.0 200000
1695870148306 0.0 204000
1695870220433 0.0 208000
1695870291234 0.0 212000
1695870362982 0.0 216000
1695870434906 0.0 220000
1695870507432 0.0 224000
1695870580541 0.0 228000
1695870653023 0.0 232000
1695870725390 0.0 236000
1695870797537 0.0 240000
1695870869848 0.0 244000
1695870942289 0.0 248000
1695871014851 0.0 252000
1695871087127 0.0 256000
1695871159312 0.0 260000
1695871231734 0.0 264000
1695871304384 0.0 268000
