1695866617855 1.866862500000001 12000
1695866696091 0.799512225277297 16000
1695866774275 0.9446363979793613 20000
1695866852759 1.0188964417088906 24000
1695866931574 1.0883276342274664 28000
1695867010437 1.0498667413431513 32000
1695867088958 1.1363812126535373 36000
1695867167857 1.1952321584910162 40000
1695867246525 1.233593390638425 44000
1695867324860 1.2360128308378076 48000
1695867398766 1.2124119585425002 52000
1695867471245 1.2297465379832324 56000
1695867543712 1.2711306983581452 60000
1695867616276 1.2595875840127495 64000
1695867688667 1.2613430140953477 68000
1695867761148 1.283347681743923 72000
1695867833647 1.2988594298859333 76000
1695867905969 1.2754824551825439 80000
1695867978646 1.2754824551825439 84000
1695868050946 1.2734109782756526 88000
1695868123173 1.2740609731925245 92000
1695868195389 1.3067495712020956 96000
1695868267488 1.3138261487099256 100000
1695868339845 1.3032520646119239 104000
1695868412079 1.346802090025003 108000
1695868484258 1.3814924074975912 112000
1695868556565 1.4261883617340338 116000
1695868628836 1.468796817845932 120000
1695868701558 1.487478203792315 124000
1695868773897 1.4858239183350357 128000
1695868846274 1.503226851627757 132000
1695868918306 1.5437905601340807 136000
1695868990630 1.5534999241251057 140000
1695869062731 1.6157663219600227 144000
1695869134961 1.6344051032100233 148000
1695869207386 1.6422795304663473 152000
1695869279480 1.67432089942995 156000
1695869351722 1.7022727389726713 160000
1695869424140 1.722935311321284 164000
1695869496344 1.7548156758781202 168000
1695869568763 1.8161501437135603 172000
1695869641044 1.8488550724345223 176000
1695869713272 1.8880121256053852 180000
1695869785757 1.9460049404998108 184000
1695869858456 1.950796074114369 188000
1695869931136 1.9731597667362064 192000
1695870003473 2.0496001077243067 196000
1695870075999 2.0535504556815756 200000
1695870148234 2.0856800443718244 204000
1695870220359 2.0830776485649674 208000
1695870291159 2.0700451843709833 212000
1695870362913 2.0483198941869403 216000
1695870434832 2.0235660582861903 220000
1695870507356 1.985240657158029 224000
1695870580464 2.0169988899639195 228000
1695870652940 1.963582342829436 232000
1695870725314 1.9420383649340351 236000
1695870797461 1.966258736641325 240000
1695870869771 1.9426203926297796 244000
1695870942216 1.9129371883307353 248000
1695871014778 1.9227322895969903 252000
1695871087055 1.9358441254632544 256000
1695871159237 1.9239321844705424 260000
1695871231659 1.9545403980987042 264000
1695871304308 1.936813991848705 268000
