1695866460333 0.001 4000
1695866539264 0.001 8000
1695866617987 0.001 12000
1695866696209 0.001 16000
1695866774392 0.001 20000
1695866852876 0.001 24000
1695866931694 0.001 28000
1695867010560 0.001 32000
1695867089073 0.001 36000
1695867167976 0.001 40000
1695867246645 0.001 44000
1695867324983 0.001 48000
1695867398889 0.001 52000
1695867471365 0.001 56000
1695867543840 0.001 60000
1695867616397 0.001 64000
1695867688785 0.001 68000
1695867761266 0.001 72000
1695867833770 0.001 76000
1695867906093 0.001 80000
1695867978767 0.001 84000
1695868051069 0.001 88000
1695868123307 0.001 92000
1695868195511 0.001 96000
1695868267614 0.001 100000
1695868339965 0.001 104000
1695868412203 0.001 108000
1695868484381 0.001 112000
1695868556687 0.001 116000
1695868628958 0.001 120000
1695868701681 0.001 124000
1695868774020 0.001 128000
1695868846397 0.001 132000
1695868918435 0.001 136000
1695868990756 0.001 140000
1695869062850 0.001 144000
1695869135082 0.001 148000
1695869207515 0.001 152000
1695869279599 0.001 156000
1695869351849 0.001 160000
1695869424261 0.001 164000
1695869496463 0.001 168000
1695869568887 0.001 172000
1695869641175 0.001 176000
1695869713399 0.001 180000
1695869785881 0.001 184000
1695869858581 0.001 188000
1695869931258 0.001 192000
1695870003601 0.001 196000
1695870076125 0.001 200000
1695870148358 0.001 204000
1695870220479 0.001 208000
1695870291279 0.001 212000
1695870363030 0.001 216000
1695870434953 0.001 220000
1695870507477 0.001 224000
1695870580586 0.001 228000
1695870653077 0.001 232000
1695870725436 0.001 236000
1695870797582 0.001 240000
1695870869893 0.001 244000
1695870942338 0.001 248000
1695871014900 0.001 252000
1695871087178 0.001 256000
1695871159360 0.001 260000
1695871231780 0.001 264000
1695871304429 0.001 268000
