1695866460331 0.5 4000
1695866539262 0.5 8000
1695866617986 0.5 12000
1695866696208 0.5 16000
1695866774392 0.5 20000
1695866852876 0.5 24000
1695866931693 0.5 28000
1695867010559 0.5 32000
1695867089072 0.5 36000
1695867167975 0.5 40000
1695867246644 0.5 44000
1695867324982 0.5 48000
1695867398888 0.5 52000
1695867471364 0.5 56000
1695867543839 0.5 60000
1695867616396 0.5 64000
1695867688784 0.5 68000
1695867761265 0.5 72000
1695867833769 0.5 76000
1695867906092 0.5 80000
1695867978766 0.5 84000
1695868051068 0.5 88000
1695868123306 0.5 92000
1695868195510 0.5 96000
1695868267613 0.5 100000
1695868339964 0.5 104000
1695868412202 0.5 108000
1695868484380 0.5 112000
1695868556686 0.5 116000
1695868628957 0.5 120000
1695868701680 0.5 124000
1695868774019 0.5 128000
1695868846396 0.5 132000
1695868918433 0.5 136000
1695868990755 0.5 140000
1695869062849 0.5 144000
1695869135081 0.5 148000
1695869207514 0.5 152000
1695869279598 0.5 156000
1695869351848 0.5 160000
1695869424260 0.5 164000
1695869496462 0.5 168000
1695869568886 0.5 172000
1695869641174 0.5 176000
1695869713398 0.5 180000
1695869785880 0.5 184000
1695869858580 0.5 188000
1695869931257 0.5 192000
1695870003600 0.5 196000
1695870076124 0.5 200000
1695870148357 0.5 204000
1695870220478 0.5 208000
1695870291278 0.5 212000
1695870363029 0.5 216000
1695870434952 0.5 220000
1695870507476 0.5 224000
1695870580585 0.5 228000
1695870653076 0.5 232000
1695870725434 0.5 236000
1695870797581 0.5 240000
1695870869892 0.5 244000
1695870942337 0.5 248000
1695871014899 0.5 252000
1695871087177 0.5 256000
1695871159359 0.5 260000
1695871231779 0.5 264000
1695871304428 0.5 268000
