1695863975943 4000.0 4000
1695864053822 8000.0 8000
1695864131922 12000.0 12000
1695864210266 16000.0 16000
1695864289150 20000.0 20000
1695864367898 24000.0 24000
1695864446562 28000.0 28000
1695864524888 32000.0 32000
1695864602964 36000.0 36000
1695864681255 40000.0 40000
1695864759739 44000.0 44000
1695864838296 48000.0 48000
1695864917108 52000.0 52000
1695864995574 56000.0 56000
1695865073801 60000.0 60000
1695865152172 64000.0 64000
1695865230372 68000.0 68000
1695865308638 72000.0 72000
1695865386744 76000.0 76000
1695865465368 80000.0 80000
1695865543541 84000.0 84000
1695865622090 88000.0 88000
1695865700457 92000.0 92000
1695865778897 96000.0 96000
1695865857233 100000.0 100000
1695865935592 104000.0 104000
1695866013899 108000.0 108000
1695866092321 112000.0 112000
1695866170692 116000.0 116000
1695866249368 120000.0 120000
