1695863975999 1.0 4000
1695864053878 1.0 8000
1695864131972 1.0 12000
1695864210345 1.0 16000
1695864289216 1.0 20000
1695864367968 1.0 24000
1695864446629 1.0 28000
1695864524958 1.0 32000
1695864603032 1.0 36000
1695864681322 1.0 40000
1695864759806 1.0 44000
1695864838367 1.0 48000
1695864917184 1.0 52000
1695864995643 1.0 56000
1695865073870 1.0 60000
1695865152238 1.0 64000
1695865230441 1.0 68000
1695865308710 1.0 72000
1695865386815 1.0 76000
1695865465435 1.0 80000
1695865543608 1.0 84000
1695865622157 1.0 88000
1695865700526 1.0 92000
1695865778964 1.0 96000
1695865857309 1.0 100000
1695865935664 1.0 104000
1695866013968 1.0 108000
1695866092394 1.0 112000
1695866170757 1.0 116000
1695866249435 1.0 120000
