1695863975998 2.0 4000
1695864053876 2.0 8000
1695864131971 2.0 12000
1695864210344 2.0 16000
1695864289215 2.0 20000
1695864367967 2.0 24000
1695864446628 2.0 28000
1695864524958 2.0 32000
1695864603031 2.0 36000
1695864681321 2.0 40000
1695864759805 2.0 44000
1695864838366 2.0 48000
1695864917183 2.0 52000
1695864995643 2.0 56000
1695865073870 2.0 60000
1695865152238 2.0 64000
1695865230440 2.0 68000
1695865308710 2.0 72000
1695865386814 2.0 76000
1695865465434 2.0 80000
1695865543608 2.0 84000
1695865622157 2.0 88000
1695865700525 2.0 92000
1695865778963 2.0 96000
1695865857308 2.0 100000
1695865935663 2.0 104000
1695866013967 2.0 108000
1695866092394 2.0 112000
1695866170757 2.0 116000
1695866249435 2.0 120000
