1695863975999 0.0 4000
1695864053877 0.0 8000
1695864131971 0.0 12000
1695864210344 0.0 16000
1695864289216 0.0 20000
1695864367968 0.0 24000
1695864446629 0.0 28000
1695864524958 0.0 32000
1695864603032 0.0 36000
1695864681322 0.0 40000
1695864759806 0.0 44000
1695864838367 0.0 48000
1695864917183 0.0 52000
1695864995643 0.0 56000
1695865073870 0.0 60000
1695865152238 0.0 64000
1695865230440 0.0 68000
1695865308710 0.0 72000
1695865386815 0.0 76000
1695865465434 0.0 80000
1695865543608 0.0 84000
1695865622157 0.0 88000
1695865700525 0.0 92000
1695865778964 0.0 96000
1695865857309 0.0 100000
1695865935663 0.0 104000
1695866013967 0.0 108000
1695866092394 0.0 112000
1695866170757 0.0 116000
1695866249435 0.0 120000
