1695863975997 36.13727272727272 4000
1695864053874 34.83513513513513 8000
1695864131969 35.55765765765766 12000
1695864210324 36.60810810810811 16000
1695864289200 36.64867256637167 20000
1695864367951 37.46249999999999 24000
1695864446612 36.14414414414414 28000
1695864524942 35.46339285714286 32000
1695864603015 35.1027027027027 36000
1695864681304 35.47747747747748 40000
1695864759789 34.73303571428571 44000
1695864838350 36.48482142857143 48000
1695864917164 37.36607142857143 52000
1695864995626 35.76666666666667 56000
1695865073854 35.533928571428575 60000
1695865152223 35.487387387387386 64000
1695865230424 35.11171171171171 68000
1695865308693 35.61531531531532 72000
1695865386799 35.486486486486484 76000
1695865465418 34.23392857142857 80000
1695865543593 35.431531531531526 84000
1695865622141 36.886607142857144 88000
1695865700508 35.1 92000
1695865778948 34.96216216216216 96000
1695865857292 36.6927927927928 100000
1695865935646 36.426785714285714 104000
1695866013951 36.61711711711712 108000
1695866092377 36.53660714285714 112000
1695866170741 36.96306306306306 116000
1695866249420 35.151785714285715 120000
