1695863975997 30.494545454545456 4000
1695864053875 30.581981981981976 8000
1695864131970 30.63513513513513 12000
1695864210324 30.667567567567563 16000
1695864289200 30.87699115044248 20000
1695864367952 31.093749999999993 24000
1695864446612 30.889189189189196 28000
1695864524943 30.900892857142853 32000
1695864603016 30.93063063063065 36000
1695864681304 30.984684684684687 40000
1695864759790 31.00089285714285 44000
1695864838350 31.185714285714283 48000
1695864917165 31.292857142857144 52000
1695864995626 31.25855855855856 56000
1695865073854 31.23125000000001 60000
1695865152223 31.27027027027026 64000
1695865230424 31.23423423423424 68000
1695865308693 31.27207207207207 72000
1695865386799 31.351351351351365 76000
1695865465418 31.41071428571429 80000
1695865543593 31.43693693693695 84000
1695865622141 31.725 88000
1695865700508 31.85892857142857 92000
1695865778948 31.83423423423422 96000
1695865857292 31.958558558558558 100000
1695865935647 32.01160714285714 104000
1695866013951 32.04684684684685 108000
1695866092377 32.28125000000001 112000
1695866170742 32.55045045045045 116000
1695866249420 32.568749999999994 120000
