1695866460338 0.9 4000
1695866539267 0.9 8000
1695866617990 0.9 12000
1695866696212 0.9 16000
1695866774396 0.9 20000
1695866852880 0.9 24000
1695866931697 0.9 28000
1695867010563 0.9 32000
1695867089077 0.9 36000
1695867167979 0.9 40000
1695867246648 0.9 44000
1695867324986 0.9 48000
1695867398892 0.9 52000
1695867471369 0.9 56000
1695867543844 0.9 60000
1695867616401 0.9 64000
1695867688789 0.9 68000
1695867761269 0.9 72000
1695867833774 0.9 76000
1695867906097 0.9 80000
1695867978770 0.9 84000
1695868051072 0.9 88000
1695868123310 0.9 92000
1695868195514 0.9 96000
1695868267617 0.9 100000
1695868339968 0.9 104000
1695868412206 0.9 108000
1695868484385 0.9 112000
1695868556690 0.9 116000
1695868628961 0.9 120000
1695868701684 0.9 124000
1695868774023 0.9 128000
1695868846400 0.9 132000
1695868918438 0.9 136000
1695868990759 0.9 140000
1695869062854 0.9 144000
1695869135085 0.9 148000
1695869207518 0.9 152000
1695869279602 0.9 156000
1695869351852 0.9 160000
1695869424264 0.9 164000
1695869496466 0.9 168000
1695869568890 0.9 172000
1695869641179 0.9 176000
1695869713402 0.9 180000
1695869785884 0.9 184000
1695869858584 0.9 188000
1695869931262 0.9 192000
1695870003604 0.9 196000
1695870076128 0.9 200000
1695870148362 0.9 204000
1695870220481 0.9 208000
1695870291282 0.9 212000
1695870363034 0.9 216000
1695870434956 0.9 220000
1695870507480 0.9 224000
1695870580589 0.9 228000
1695870653081 0.9 232000
1695870725439 0.9 236000
1695870797585 0.9 240000
1695870869896 0.9 244000
1695870942341 0.9 248000
1695871014903 0.9 252000
1695871087181 0.9 256000
1695871159363 0.9 260000
1695871231783 0.9 264000
1695871304432 0.9 268000
