1695866460313 1.0 4000
1695866539246 1.0 8000
1695866617973 1.0 12000
1695866696197 1.0 16000
1695866774380 1.0 20000
1695866852864 1.0 24000
1695866931680 1.0 28000
1695867010547 1.0 32000
1695867089059 1.0 36000
1695867167962 1.0 40000
1695867246631 1.0 44000
1695867324969 1.0 48000
1695867398875 1.0 52000
1695867471351 1.0 56000
1695867543825 1.0 60000
1695867616383 1.0 64000
1695867688772 1.0 68000
1695867761252 1.0 72000
1695867833755 1.0 76000
1695867906078 1.0 80000
1695867978752 1.0 84000
1695868051053 1.0 88000
1695868123292 1.0 92000
1695868195497 1.0 96000
1695868267600 1.0 100000
1695868339951 1.0 104000
1695868412189 1.0 108000
1695868484367 1.0 112000
1695868556674 1.0 116000
1695868628945 1.0 120000
1695868701668 1.0 124000
1695868774007 1.0 128000
1695868846383 1.0 132000
1695868918420 1.0 136000
1695868990742 1.0 140000
1695869062835 1.0 144000
1695869135068 1.0 148000
1695869207500 1.0 152000
1695869279585 1.0 156000
1695869351835 1.0 160000
1695869424246 1.0 164000
1695869496450 1.0 168000
1695869568873 1.0 172000
1695869641157 1.0 176000
1695869713385 1.0 180000
1695869785868 1.0 184000
1695869858566 1.0 188000
1695869931243 1.0 192000
1695870003585 1.0 196000
1695870076109 1.0 200000
1695870148342 1.0 204000
1695870220466 1.0 208000
1695870291266 1.0 212000
1695870363016 1.0 216000
1695870434938 1.0 220000
1695870507463 1.0 224000
1695870580572 1.0 228000
1695870653062 1.0 232000
1695870725422 1.0 236000
1695870797568 1.0 240000
1695870869880 1.0 244000
1695870942323 1.0 248000
1695871014886 1.0 252000
1695871087164 1.0 256000
1695871159346 1.0 260000
1695871231766 1.0 264000
1695871304416 1.0 268000
