1695864210255 0.0 16000
1695864289140 0.0 20000
1695864367888 0.0 24000
1695864446552 0.0 28000
1695864524877 0.0 32000
1695864602953 0.0 36000
1695864681244 0.0 40000
1695864759728 0.0 44000
1695864838287 0.0 48000
1695864917098 0.0 52000
1695864995564 0.0 56000
1695865073791 0.0 60000
1695865152161 0.0 64000
1695865230361 0.0 68000
1695865308628 0.0 72000
1695865386734 0.0 76000
1695865465358 0.0 80000
1695865543530 0.0 84000
1695865622080 0.0 88000
1695865700447 0.0 92000
1695865778887 0.0 96000
1695865857223 0.0 100000
1695865935582 0.0 104000
1695866013888 0.0 108000
1695866092310 0.0 112000
1695866170681 0.0 116000
1695866249357 0.0 120000
