1695864210254 0.0 16000
1695864289139 0.0 20000
1695864367887 0.0 24000
1695864446551 0.0 28000
1695864524877 0.0 32000
1695864602953 0.0 36000
1695864681243 0.03333333333333333 40000
1695864759728 0.03333333333333333 44000
1695864838286 0.03333333333333333 48000
1695864917098 0.025 52000
1695864995563 0.025 56000
1695865073790 0.025 60000
1695865152161 0.06 64000
1695865230360 0.06 68000
1695865308628 0.0784313725490196 72000
1695865386733 0.07407407407407407 76000
1695865465357 0.06666666666666667 80000
1695865543530 0.08196721311475409 84000
1695865622079 0.07692307692307693 88000
1695865700446 0.07142857142857142 92000
1695865778886 0.07042253521126761 96000
1695865857222 0.08108108108108109 100000
1695865935581 0.075 104000
1695866013887 0.07407407407407407 108000
1695866092310 0.07142857142857142 112000
1695866170680 0.06666666666666667 116000
1695866249357 0.06593406593406594 120000
