1695864210256 0.0 16000
1695864289141 0.0 20000
1695864367889 0.0 24000
1695864446553 0.0 28000
1695864524878 0.0 32000
1695864602955 0.0 36000
1695864681245 0.0 40000
1695864759729 0.0 44000
1695864838288 0.0 48000
1695864917099 0.0 52000
1695864995565 0.0 56000
1695865073792 0.0 60000
1695865152163 0.0 64000
1695865230362 0.0 68000
1695865308629 0.0 72000
1695865386735 0.0 76000
1695865465359 0.0 80000
1695865543532 0.0 84000
1695865622081 0.0 88000
1695865700448 0.0 92000
1695865778888 0.0 96000
1695865857224 0.0 100000
1695865935583 0.0 104000
1695866013889 0.0 108000
1695866092312 0.0 112000
1695866170682 0.0 116000
1695866249359 0.0 120000
