1695864210259 0.0 16000
1695864289143 0.0 20000
1695864367891 0.0 24000
1695864446555 0.0 28000
1695864524881 0.0 32000
1695864602957 0.0 36000
1695864681247 0.0 40000
1695864759732 0.0 44000
1695864838290 0.0 48000
1695864917102 0.0 52000
1695864995567 0.0 56000
1695865073794 0.0 60000
1695865152165 0.0 64000
1695865230365 0.0 68000
1695865308632 0.0 72000
1695865386737 0.0 76000
1695865465361 0.0 80000
1695865543534 0.0 84000
1695865622083 0.0 88000
1695865700450 0.0 92000
1695865778890 0.0 96000
1695865857226 0.0 100000
1695865935585 0.0 104000
1695866013891 0.0 108000
1695866092314 0.0 112000
1695866170684 0.0 116000
1695866249361 0.0 120000
