1695864210260 0.0 16000
1695864289144 0.0 20000
1695864367892 0.0 24000
1695864446556 0.0 28000
1695864524882 0.0 32000
1695864602958 0.0 36000
1695864681248 0.0 40000
1695864759733 0.0 44000
1695864838291 0.0 48000
1695864917102 0.0 52000
1695864995568 0.0 56000
1695865073795 0.0 60000
1695865152166 0.0 64000
1695865230365 0.0 68000
1695865308632 0.0 72000
1695865386738 0.0 76000
1695865465362 0.0 80000
1695865543535 0.0 84000
1695865622084 0.0 88000
1695865700451 0.0 92000
1695865778891 0.0 96000
1695865857227 0.0 100000
1695865935586 0.0 104000
1695866013892 0.0 108000
1695866092315 0.0 112000
1695866170685 0.0 116000
1695866249362 0.0 120000
