1695864210257 0.0 16000
1695864289142 0.0 20000
1695864367890 0.0 24000
1695864446554 0.0 28000
1695864524879 0.0 32000
1695864602956 0.0 36000
1695864681246 0.0 40000
1695864759730 0.0 44000
1695864838289 0.0 48000
1695864917100 0.0 52000
1695864995566 0.0 56000
1695865073793 0.0 60000
1695865152164 0.0 64000
1695865230363 0.0 68000
1695865308630 0.0 72000
1695865386736 0.0 76000
1695865465360 0.0 80000
1695865543533 0.0 84000
1695865622082 0.0 88000
1695865700449 0.0 92000
1695865778889 0.0 96000
1695865857225 0.0 100000
1695865935584 0.0 104000
1695866013890 0.0 108000
1695866092312 0.0 112000
1695866170683 0.0 116000
1695866249360 0.0 120000
