1695863975948 0.0 4000
1695864053825 0.0 8000
1695864131925 0.0 12000
1695864210269 10.0 16000
1695864289154 0.0 20000
1695864367902 0.0 24000
1695864446566 10.0 28000
1695864524891 0.0 32000
1695864602968 0.0 36000
1695864681258 10.0 40000
1695864759742 0.0 44000
1695864838300 0.0 48000
1695864917112 10.0 52000
1695864995578 0.0 56000
1695865073805 0.0 60000
1695865152176 10.0 64000
1695865230375 0.0 68000
1695865308642 1.0 72000
1695865386748 3.0 76000
1695865465372 6.0 80000
1695865543544 1.0 84000
1695865622094 4.0 88000
1695865700461 5.0 92000
1695865778901 1.0 96000
1695865857237 3.0 100000
1695865935595 6.0 104000
1695866013903 1.0 108000
1695866092324 3.0 112000
1695866170695 6.0 116000
1695866249372 1.0 120000
