1695863975946 nan 4000
1695864053823 nan 8000
1695864131924 nan 12000
1695864210268 1.6106932378161742 16000
1695864289152 1.6106932378161742 20000
1695864367900 1.6106932378161742 24000
1695864446564 1.6106932378161742 28000
1695864524890 1.6106932378161742 32000
1695864602966 1.6106932378161742 36000
1695864681256 1.8441619878161761 40000
1695864759741 1.8441619878161761 44000
1695864838298 1.8441619878161761 48000
1695864917110 1.8441619878161761 52000
1695864995576 1.8441619878161761 56000
1695865073803 1.8441619878161761 60000
1695865152174 2.075802612816171 64000
1695865230373 2.075802612816171 68000
1695865308640 2.075802612816171 72000
1695865386746 2.075802612816171 76000
1695865465370 2.075802612816171 80000
1695865543543 2.603208862816169 84000
1695865622092 2.603208862816169 88000
1695865700459 2.603208862816169 92000
1695865778899 2.603208862816169 96000
1695865857235 2.603208862816169 100000
1695865935593 2.603208862816169 104000
1695866013901 2.603208862816169 108000
1695866092323 2.603208862816169 112000
1695866170693 2.603208862816169 116000
1695866249370 2.603208862816169 120000
