1695863975946 nan 4000
1695864053824 nan 8000
1695864131924 nan 12000
1695864210268 0.49900000000000616 16000
1695864289153 0.49900000000000616 20000
1695864367900 0.49900000000000616 24000
1695864446564 0.49900000000000616 28000
1695864524890 0.49900000000000616 32000
1695864602967 0.49900000000000616 36000
1695864681257 0.49900000000000616 40000
1695864759741 0.49900000000000616 44000
1695864838298 0.49900000000000616 48000
1695864917111 0.49900000000000616 52000
1695864995577 0.49900000000000616 56000
1695865073803 0.49900000000000616 60000
1695865152175 0.49900000000000616 64000
1695865230374 0.49900000000000616 68000
1695865308641 0.49900000000000616 72000
1695865386747 0.49900000000000616 76000
1695865465370 0.49900000000000616 80000
1695865543543 0.49900000000000616 84000
1695865622092 0.49900000000000616 88000
1695865700460 0.49900000000000616 92000
1695865778899 0.49900000000000616 96000
1695865857236 0.49900000000000616 100000
1695865935594 0.49900000000000616 104000
1695866013901 0.49900000000000616 108000
1695866092323 0.49900000000000616 112000
1695866170694 0.49900000000000616 116000
1695866249370 0.49900000000000616 120000
