1695863975947 nan 4000
1695864053824 nan 8000
1695864131925 nan 12000
1695864210269 1.0869769385589172 16000
1695864289153 1.0869769385589172 20000
1695864367901 1.0869769385589172 24000
1695864446565 1.2371116916718563 28000
1695864524890 1.2371116916718563 32000
1695864602967 1.2371116916718563 36000
1695864681257 1.2783223532320231 40000
1695864759741 1.2783223532320231 44000
1695864838299 1.2783223532320231 48000
1695864917111 1.3278079124872535 52000
1695864995577 1.3278079124872535 56000
1695865073804 1.3278079124872535 60000
1695865152175 1.3920953470667314 64000
1695865230374 1.3920953470667314 68000
1695865308641 1.3953174358497369 72000
1695865386747 1.4055605359589836 76000
1695865465371 1.422423806144703 80000
1695865543544 1.4417809382212845 84000
1695865622093 1.4508216951194315 88000
1695865700460 1.4576553767406277 92000
1695865778900 1.4601840790092973 96000
1695865857236 1.4750497374744413 100000
1695865935594 1.4809355000000717 104000
1695866013902 1.4830374473805175 108000
1695866092323 1.4881680113246478 112000
1695866170694 1.4968419153129722 116000
1695866249371 1.4986974243514686 120000
