1695863975947 nan 4000
1695864053825 nan 8000
1695864131925 nan 12000
1695864210269 1280.0 16000
1695864289153 1280.0 20000
1695864367901 1280.0 24000
1695864446565 1280.0 28000
1695864524891 1280.0 32000
1695864602968 1280.0 36000
1695864681258 1273.9333333333334 40000
1695864759742 1273.9333333333334 44000
1695864838299 1273.9333333333334 48000
1695864917112 1275.45 52000
1695864995578 1275.45 56000
1695865073804 1275.45 60000
1695865152175 1264.78 64000
1695865230375 1264.78 68000
1695865308641 1254.9019607843138 72000
1695865386748 1256.2962962962963 76000
1695865465371 1258.6666666666667 80000
1695865543544 1244.7704918032787 84000
1695865622093 1246.9384615384615 88000
1695865700460 1249.3 92000
1695865778900 1249.7323943661972 96000
1695865857236 1242.6081081081081 100000
1695865935595 1245.4125 104000
1695866013902 1245.8395061728395 108000
1695866092324 1247.0595238095239 112000
1695866170695 1249.2555555555555 116000
1695866249371 1249.5934065934066 120000
