1695863975948 0.0 4000
1695864053825 0.0 8000
1695864131926 0.0 12000
1695864210270 0.0 16000
1695864289154 0.0 20000
1695864367902 0.0 24000
1695864446566 0.0 28000
1695864524892 0.0 32000
1695864602969 0.0 36000
1695864681259 0.0 40000
1695864759743 0.0 44000
1695864838300 0.0 48000
1695864917113 0.0 52000
1695864995579 0.0 56000
1695865073805 0.0 60000
1695865152176 0.0 64000
1695865230376 0.0 68000
1695865308642 0.0 72000
1695865386748 0.0 76000
1695865465372 0.0 80000
1695865543545 0.0 84000
1695865622094 0.0 88000
1695865700461 0.0 92000
1695865778901 0.0 96000
1695865857237 0.0 100000
1695865935595 0.0 104000
1695866013903 0.0 108000
1695866092325 0.0 112000
1695866170696 0.0 116000
1695866249372 0.0 120000
