1695863975952 4000.0 4000
1695864053828 8000.0 8000
1695864131929 12000.0 12000
1695864210282 16000.0 16000
1695864289164 20000.0 20000
1695864367912 24000.0 24000
1695864446576 28000.0 28000
1695864524901 32000.0 32000
1695864602979 36000.0 36000
1695864681268 40000.0 40000
1695864759752 44000.0 44000
1695864838310 48000.0 48000
1695864917122 52000.0 52000
1695864995589 56000.0 56000
1695865073815 60000.0 60000
1695865152186 64000.0 64000
1695865230385 68000.0 68000
1695865308652 72000.0 72000
1695865386758 76000.0 76000
1695865465382 80000.0 80000
1695865543554 84000.0 84000
1695865622105 88000.0 88000
1695865700471 92000.0 92000
1695865778911 96000.0 96000
1695865857247 100000.0 100000
1695865935605 104000.0 104000
1695866013914 108000.0 108000
1695866092334 112000.0 112000
1695866170705 116000.0 116000
1695866249382 120000.0 120000
