1695866617836 0.0 12000
1695866696076 0.0 16000
1695866774261 0.0 20000
1695866852745 0.0 24000
1695866931560 0.0 28000
1695867010421 0.0 32000
1695867088944 0.0 36000
1695867167843 0.0 40000
1695867246512 0.0 44000
1695867324846 0.0 48000
1695867398751 0.0 52000
1695867471230 0.0 56000
1695867543698 0.0 60000
1695867616262 0.0 64000
1695867688653 0.0 68000
1695867761134 0.0 72000
1695867833633 0.0 76000
1695867905955 0.0 80000
1695867978632 0.0 84000
1695868050932 0.0 88000
1695868123158 0.0 92000
1695868195374 0.0 96000
1695868267474 0.0 100000
1695868339831 0.0 104000
1695868412065 0.0 108000
1695868484244 0.0 112000
1695868556550 0.0 116000
1695868628822 0.0 120000
1695868701544 0.0 124000
1695868773883 0.0 128000
1695868846260 0.0 132000
1695868918291 0.0 136000
1695868990615 0.0 140000
1695869062717 0.0 144000
1695869134947 0.0 148000
1695869207372 0.0 152000
1695869279466 0.0 156000
1695869351707 0.0 160000
1695869424126 0.0 164000
1695869496329 0.0 168000
1695869568750 0.0 172000
1695869641028 0.0 176000
1695869713259 0.0 180000
1695869785744 0.0 184000
1695869858442 0.0 188000
1695869931122 0.0 192000
1695870003460 0.0 196000
1695870075986 0.0 200000
1695870148220 0.0 204000
1695870220345 0.0 208000
1695870291144 0.0 212000
1695870362898 0.0 216000
1695870434818 0.0 220000
1695870507341 0.0 224000
1695870580449 0.0 228000
1695870652925 0.0 232000
1695870725300 0.0 236000
1695870797447 0.0 240000
1695870869756 0.0 244000
1695870942201 0.0 248000
1695871014763 0.0 252000
1695871087040 0.0 256000
1695871159222 0.0 260000
1695871231644 0.0 264000
1695871304294 0.0 268000
