1695866617843 0.0 12000
1695866696082 0.0 16000
1695866774266 0.0 20000
1695866852750 0.0 24000
1695866931565 0.0 28000
1695867010427 0.0 32000
1695867088949 0.0 36000
1695867167848 0.0 40000
1695867246517 0.0 44000
1695867324851 0.0 48000
1695867398757 0.0 52000
1695867471236 0.0 56000
1695867543703 0.0 60000
1695867616267 0.0 64000
1695867688658 0.0 68000
1695867761139 0.0 72000
1695867833639 0.0 76000
1695867905960 0.0 80000
1695867978637 0.0 84000
1695868050937 0.0 88000
1695868123163 0.0 92000
1695868195380 0.0 96000
1695868267479 0.0 100000
1695868339836 0.0 104000
1695868412070 0.0 108000
1695868484249 0.0 112000
1695868556556 0.0 116000
1695868628828 0.0 120000
1695868701550 0.0 124000
1695868773889 0.0 128000
1695868846265 0.0 132000
1695868918296 0.0 136000
1695868990621 0.0 140000
1695869062722 0.0 144000
1695869134952 0.0 148000
1695869207378 0.0 152000
1695869279471 0.0 156000
1695869351712 0.0 160000
1695869424131 0.0 164000
1695869496334 0.0 168000
1695869568755 0.0 172000
1695869641034 0.0 176000
1695869713263 0.0 180000
1695869785749 0.0 184000
1695869858447 0.0 188000
1695869931127 0.0 192000
1695870003465 0.0 196000
1695870075991 0.0 200000
1695870148225 0.0 204000
1695870220351 0.0 208000
1695870291149 0.0 212000
1695870362904 0.0 216000
1695870434823 0.0 220000
1695870507347 0.0 224000
1695870580454 0.0 228000
1695870652930 0.0 232000
1695870725305 0.0 236000
1695870797452 0.0 240000
1695870869761 0.0 244000
1695870942206 0.0 248000
1695871014768 0.0 252000
1695871087046 0.0 256000
1695871159227 0.0 260000
1695871231649 0.0 264000
1695871304299 0.0 268000
