1695866617837 0.0 12000
1695866696077 0.0 16000
1695866774262 0.0 20000
1695866852746 0.0 24000
1695866931561 0.0 28000
1695867010423 0.0 32000
1695867088945 0.0 36000
1695867167845 0.0 40000
1695867246513 0.0 44000
1695867324847 0.0 48000
1695867398753 0.0 52000
1695867471232 0.0 56000
1695867543699 0.0 60000
1695867616263 0.0 64000
1695867688654 0.0 68000
1695867761135 0.0 72000
1695867833634 0.0 76000
1695867905956 0.0 80000
1695867978633 0.0 84000
1695868050933 0.0 88000
1695868123159 0.0 92000
1695868195376 0.0 96000
1695868267475 0.0 100000
1695868339832 0.0 104000
1695868412066 0.0 108000
1695868484245 0.0 112000
1695868556551 0.0 116000
1695868628824 0.0 120000
1695868701546 0.0 124000
1695868773884 0.0 128000
1695868846261 0.0 132000
1695868918292 0.0 136000
1695868990617 0.0 140000
1695869062718 0.0 144000
1695869134948 0.0 148000
1695869207374 0.0 152000
1695869279467 0.0 156000
1695869351708 0.0 160000
1695869424127 0.0 164000
1695869496330 0.0 168000
1695869568751 0.0 172000
1695869641029 0.0 176000
1695869713260 0.0 180000
1695869785745 0.0 184000
1695869858443 0.0 188000
1695869931124 0.0 192000
1695870003461 0.0 196000
1695870075987 0.0 200000
1695870148221 0.0 204000
1695870220347 0.0 208000
1695870291145 0.0 212000
1695870362899 0.0 216000
1695870434819 0.0 220000
1695870507343 0.0 224000
1695870580450 0.0 228000
1695870652926 0.0 232000
1695870725301 0.0 236000
1695870797448 0.0 240000
1695870869757 0.0 244000
1695870942202 0.0 248000
1695871014764 0.0 252000
1695871087042 0.0 256000
1695871159223 0.0 260000
1695871231645 0.0 264000
1695871304295 0.0 268000
