1695866617841 0.0 12000
1695866696080 0.0 16000
1695866774264 0.0 20000
1695866852749 0.0 24000
1695866931564 0.0 28000
1695867010426 0.0 32000
1695867088948 0.0 36000
1695867167847 0.0 40000
1695867246516 0.0 44000
1695867324850 0.0 48000
1695867398756 0.0 52000
1695867471235 0.0 56000
1695867543702 0.0 60000
1695867616266 0.0 64000
1695867688657 0.0 68000
1695867761138 0.0 72000
1695867833637 0.0 76000
1695867905959 0.0 80000
1695867978636 0.0 84000
1695868050936 0.0 88000
1695868123162 0.0 92000
1695868195379 0.0 96000
1695868267478 0.0 100000
1695868339835 0.0 104000
1695868412069 0.0 108000
1695868484248 0.0 112000
1695868556554 0.0 116000
1695868628827 0.0 120000
1695868701548 0.0 124000
1695868773887 0.0 128000
1695868846264 0.0 132000
1695868918295 0.0 136000
1695868990620 0.0 140000
1695869062721 0.0 144000
1695869134951 0.0 148000
1695869207377 0.0 152000
1695869279470 0.0 156000
1695869351711 0.0 160000
1695869424130 0.0 164000
1695869496333 0.0 168000
1695869568754 0.0 172000
1695869641033 0.0 176000
1695869713262 0.0 180000
1695869785748 0.0 184000
1695869858446 0.0 188000
1695869931126 0.0 192000
1695870003464 0.0 196000
1695870075990 0.0 200000
1695870148224 0.0 204000
1695870220350 0.0 208000
1695870291148 0.0 212000
1695870362902 0.0 216000
1695870434822 0.0 220000
1695870507345 0.0 224000
1695870580453 0.0 228000
1695870652929 0.0 232000
1695870725304 0.0 236000
1695870797451 0.0 240000
1695870869760 0.0 244000
1695870942205 0.0 248000
1695871014767 0.0 252000
1695871087045 0.0 256000
1695871159226 0.0 260000
1695871231648 0.0 264000
1695871304298 0.0 268000
