1695866617840 0.0 12000
1695866696079 0.0 16000
1695866774263 0.0 20000
1695866852748 0.0 24000
1695866931563 0.0 28000
1695867010424 0.0 32000
1695867088946 0.0 36000
1695867167846 0.0 40000
1695867246515 0.0 44000
1695867324849 0.0 48000
1695867398754 0.0 52000
1695867471233 0.0 56000
1695867543700 0.0 60000
1695867616265 0.0 64000
1695867688656 0.0 68000
1695867761137 0.0 72000
1695867833636 0.0 76000
1695867905958 0.0 80000
1695867978635 0.0 84000
1695868050935 0.0 88000
1695868123160 0.0 92000
1695868195377 0.0 96000
1695868267477 0.0 100000
1695868339834 0.0 104000
1695868412068 0.0 108000
1695868484247 0.0 112000
1695868556553 0.0 116000
1695868628825 0.0 120000
1695868701547 0.0 124000
1695868773886 0.0 128000
1695868846263 0.0 132000
1695868918294 0.0 136000
1695868990618 0.0 140000
1695869062720 0.0 144000
1695869134950 0.0 148000
1695869207375 0.0 152000
1695869279469 0.0 156000
1695869351710 0.0 160000
1695869424129 0.0 164000
1695869496332 0.0 168000
1695869568752 0.0 172000
1695869641031 0.0 176000
1695869713261 0.0 180000
1695869785747 0.0 184000
1695869858445 0.0 188000
1695869931125 0.0 192000
1695870003463 0.0 196000
1695870075989 0.0 200000
1695870148223 0.0 204000
1695870220348 0.0 208000
1695870291147 0.0 212000
1695870362900 0.0 216000
1695870434821 0.0 220000
1695870507344 0.0 224000
1695870580452 0.0 228000
1695870652928 0.0 232000
1695870725303 0.0 236000
1695870797450 0.0 240000
1695870869759 0.0 244000
1695870942204 0.0 248000
1695871014766 0.0 252000
1695871087043 0.0 256000
1695871159225 0.0 260000
1695871231647 0.0 264000
1695871304297 0.0 268000
