1695863976039 0.0 4000
1695864053926 0.0 8000
1695864132001 0.0 12000
1695864210377 0.0 16000
1695864289249 0.0 20000
1695864368000 0.0 24000
1695864446659 0.0 28000
1695864524988 0.0 32000
1695864603062 0.0 36000
1695864681356 0.0 40000
1695864759837 0.0 44000
1695864838400 0.0 48000
1695864917217 0.0 52000
1695864995674 0.0 56000
1695865073899 0.0 60000
1695865152269 0.0 64000
1695865230472 0.0 68000
1695865308741 0.0 72000
1695865386845 0.0 76000
1695865465466 0.0 80000
1695865543639 0.0 84000
1695865622187 0.0 88000
1695865700559 0.0 92000
1695865778997 0.0 96000
1695865857346 0.0 100000
1695865935694 0.0 104000
1695866013999 0.0 108000
1695866092424 0.0 112000
1695866170788 0.0 116000
1695866249466 0.0 120000
