1695863976040 0.0015 4000
1695864053928 0.0015 8000
1695864132002 0.0015 12000
1695864210379 0.0015 16000
1695864289251 0.0015 20000
1695864368001 0.0015 24000
1695864446661 0.0015 28000
1695864524989 0.0015 32000
1695864603064 0.0015 36000
1695864681357 0.0015 40000
1695864759838 0.0015 44000
1695864838401 0.0015 48000
1695864917218 0.0015 52000
1695864995676 0.0015 56000
1695865073900 0.0015 60000
1695865152270 0.0015 64000
1695865230473 0.0015 68000
1695865308742 0.0015 72000
1695865386847 0.0015 76000
1695865465468 0.0015 80000
1695865543640 0.0015 84000
1695865622188 0.0015 88000
1695865700560 0.0015 92000
1695865778999 0.0015 96000
1695865857348 0.0015 100000
1695865935695 0.0015 104000
1695866014001 0.0015 108000
1695866092425 0.0015 112000
1695866170789 0.0015 116000
1695866249467 0.0015 120000
