1695863976039 0.5 4000
1695864053927 0.5 8000
1695864132001 0.5 12000
1695864210378 0.5 16000
1695864289250 0.5 20000
1695864368000 0.5 24000
1695864446660 0.5 28000
1695864524988 0.5 32000
1695864603063 0.5 36000
1695864681356 0.5 40000
1695864759837 0.5 44000
1695864838401 0.5 48000
1695864917217 0.5 52000
1695864995675 0.5 56000
1695865073899 0.5 60000
1695865152269 0.5 64000
1695865230472 0.5 68000
1695865308741 0.5 72000
1695865386846 0.5 76000
1695865465467 0.5 80000
1695865543639 0.5 84000
1695865622187 0.5 88000
1695865700559 0.5 92000
1695865778998 0.5 96000
1695865857347 0.5 100000
1695865935695 0.5 104000
1695866014000 0.5 108000
1695866092424 0.5 112000
1695866170788 0.5 116000
1695866249466 0.5 120000
