1695866460204 57.804 4000
1695866539166 57.631 8000
1695866617865 57.642 12000
1695866696097 57.754 16000
1695866774281 57.826 20000
1695866852766 57.832 24000
1695866931581 57.809 28000
1695867010444 57.789 32000
1695867088965 57.805 36000
1695867167864 57.784 40000
1695867246532 57.78 44000
1695867324867 57.841 48000
1695867398772 58.257 52000
1695867471252 58.649 56000
1695867543719 59.043 60000
1695867616283 59.464 64000
1695867688675 59.924 68000
1695867761156 60.384 72000
1695867833655 60.821 76000
1695867905976 61.315 80000
1695867978654 61.772 84000
1695868050953 62.229 88000
1695868123181 62.264 92000
1695868195397 62.293 96000
1695868267495 62.328 100000
1695868339852 62.347 104000
1695868412086 62.361 108000
1695868484265 62.385 112000
1695868556573 62.397 116000
1695868628843 62.405 120000
1695868701565 62.394 124000
1695868773904 62.391 128000
1695868846282 62.381 132000
1695868918313 62.395 136000
1695868990638 62.372 140000
1695869062737 62.389 144000
1695869134969 62.392 148000
1695869207393 62.369 152000
1695869279487 62.391 156000
1695869351729 62.395 160000
1695869424147 62.422 164000
1695869496351 62.436 168000
1695869568770 62.425 172000
1695869641052 62.397 176000
1695869713278 62.403 180000
1695869785764 62.372 184000
1695869858462 62.337 188000
1695869931143 62.321 192000
1695870003481 62.301 196000
1695870076006 62.268 200000
1695870148241 62.288 204000
1695870220366 62.294 208000
1695870291166 62.448 212000
1695870362921 62.495 216000
1695870434840 62.533 220000
1695870507363 62.533 224000
1695870580471 62.488 228000
1695870652948 62.512 232000
1695870725320 62.508 236000
1695870797468 62.546 240000
1695870869779 62.538 244000
1695870942223 62.509 248000
1695871014785 62.346 252000
1695871087062 62.304 256000
1695871159244 62.276 260000
1695871231666 62.283 264000
1695871304316 62.321 268000
