1695866460203 69199.337 4000
1695866539166 69407.665 8000
1695866617864 69394.073 12000
1695866696097 69259.288 16000
1695866774281 69173.364 20000
1695866852765 69166.095 24000
1695866931581 69193.925 28000
1695867010443 69216.86 32000
1695867088964 69197.689 36000
1695867167863 69223.392 40000
1695867246532 69227.773 44000
1695867324866 69155.493 48000
1695867398772 68660.765 52000
1695867471251 68202.752 56000
1695867543718 67747.148 60000
1695867616282 67267.857 64000
1695867688674 66751.143 68000
1695867761155 66242.173 72000
1695867833654 65766.395 76000
1695867905976 65236.738 80000
1695867978653 64753.777 84000
1695868050953 64278.969 88000
1695868123181 64242.183 92000
1695868195396 64212.772 96000
1695868267494 64176.76 100000
1695868339851 64157.01 104000
1695868412086 64142.26 108000
1695868484264 64118.162 112000
1695868556572 64105.56 116000
1695868628843 64096.937 120000
1695868701565 64108.51 124000
1695868773904 64111.941 128000
1695868846282 64121.98 132000
1695868918313 64108.028 136000
1695868990637 64131.589 140000
1695869062737 64113.66 144000
1695869134968 64110.676 148000
1695869207393 64134.086 152000
1695869279487 64111.333 156000
1695869351729 64107.343 160000
1695869424147 64080.202 164000
1695869496351 64066.048 168000
1695869568770 64077.026 172000
1695869641051 64105.727 176000
1695869713278 64099.951 180000
1695869785764 64131.637 184000
1695869858462 64167.208 188000
1695869931142 64184.044 192000
1695870003480 64204.89 196000
1695870076006 64238.064 200000
1695870148240 64217.982 204000
1695870220365 64211.628 208000
1695870291166 64053.331 212000
1695870362920 64004.976 216000
1695870434839 63965.903 220000
1695870507363 63966.211 224000
1695870580471 64011.876 228000
1695870652947 63987.739 232000
1695870725320 63991.768 236000
1695870797468 63952.993 240000
1695870869778 63961.352 244000
1695870942223 63991.051 248000
1695871014784 64158.142 252000
1695871087062 64201.185 256000
1695871159243 64230.683 260000
1695871231666 64222.633 264000
1695871304315 64183.373 268000
