1695866460202 8518.907 4000
1695866539165 8798.012 8000
1695866617864 8886.065 12000
1695866696096 8932.896 16000
1695866774280 8954.998 20000
1695866852765 8971.546 24000
1695866931580 8995.596 28000
1695867010443 9019.448 32000
1695867088963 9036.169 36000
1695867167863 9046.773 40000
1695867246531 9106.141 44000
1695867324866 9111.298 48000
1695867398771 9122.728 52000
1695867471250 9004.455 56000
1695867543718 8888.228 60000
1695867616282 8773.464 64000
1695867688674 8648.063 68000
1695867761155 8517.162 72000
1695867833654 8390.291 76000
1695867905975 8261.131 80000
1695867978653 8141.636 84000
1695868050952 8013.102 88000
1695868123180 7880.668 92000
1695868195396 7881.907 96000
1695868267494 7880.758 100000
1695868339851 7879.989 104000
1695868412085 7880.445 108000
1695868484264 7874.283 112000
1695868556571 7866.912 116000
1695868628842 7869.933 120000
1695868701564 7864.32 124000
1695868773903 7864.014 128000
1695868846281 7869.297 132000
1695868918312 7865.885 136000
1695868990637 7864.251 140000
1695869062736 7855.739 144000
1695869134968 7856.742 148000
1695869207392 7857.628 152000
1695869279486 7858.454 156000
1695869351728 7858.553 160000
1695869424146 7854.668 164000
1695869496350 7855.578 168000
1695869568769 7849.118 172000
1695869641051 7846.382 176000
1695869713277 7842.419 180000
1695869785763 7848.109 184000
1695869858461 7859.116 188000
1695869931142 7867.264 192000
1695870003480 7871.015 196000
1695870076005 7866.642 200000
1695870148240 7866.714 204000
1695870220365 7863.749 208000
1695870291165 7859.723 212000
1695870362919 7853.182 216000
1695870434839 7861.565 220000
1695870507362 7866.743 224000
1695870580470 7861.174 228000
1695870652946 7865.718 232000
1695870725319 7863.429 236000
1695870797467 7864.517 240000
1695870869777 7866.408 244000
1695870942222 7869.829 248000
1695871014784 7878.91 252000
1695871087061 7889.184 256000
1695871159243 7883.901 260000
1695871231665 7880.473 264000
1695871304314 7873.719 268000
