1695866460204 32.065 4000
1695866539167 31.878 8000
1695866617866 31.845 12000
1695866696098 31.549 16000
1695866774282 31.484 20000
1695866852766 31.427 24000
1695866931582 31.724 28000
1695867010444 32.286 32000
1695867088965 32.156 36000
1695867167864 32.125 40000
1695867246533 32.047 44000
1695867324867 32.009 48000
1695867398773 31.999 52000
1695867471252 32.081 56000
1695867543719 32.104 60000
1695867616283 32.137 64000
1695867688676 31.932 68000
1695867761156 31.399 72000
1695867833655 31.506 76000
1695867905977 31.434 80000
1695867978655 31.532 84000
1695868050954 31.557 88000
1695868123182 31.939 92000
1695868195397 31.966 96000
1695868267495 32.004 100000
1695868339852 31.951 104000
1695868412087 31.997 108000
1695868484265 32.015 112000
1695868556573 31.901 116000
1695868628844 31.895 120000
1695868701566 31.763 124000
1695868773905 31.726 128000
1695868846283 31.259 132000
1695868918314 31.179 136000
1695868990638 31.294 140000
1695869062738 31.308 144000
1695869134969 31.205 148000
1695869207394 31.287 152000
1695869279488 31.281 156000
1695869351730 31.248 160000
1695869424148 31.274 164000
1695869496352 31.238 168000
1695869568771 31.254 172000
1695869641052 31.372 176000
1695869713279 31.173 180000
1695869785765 31.315 184000
1695869858463 31.351 188000
1695869931143 31.293 192000
1695870003481 31.316 196000
1695870076007 31.403 200000
1695870148241 31.417 204000
1695870220366 31.446 208000
1695870291167 31.534 212000
1695870362921 31.523 216000
1695870434840 31.429 220000
1695870507364 31.232 224000
1695870580472 31.203 228000
1695870652948 31.162 232000
1695870725321 31.182 236000
1695870797469 31.162 240000
1695870869779 31.1 244000
1695870942224 31.082 248000
1695871014785 31.026 252000
1695871087063 30.948 256000
1695871159244 31.113 260000
1695871231667 31.222 264000
1695871304316 31.33 268000
