1695866460201 77750.976 4000
1695866539164 78238.204 8000
1695866617863 78312.613 12000
1695866696096 78224.364 16000
1695866774279 78160.481 20000
1695866852764 78169.703 24000
1695866931579 78221.89 28000
1695867010442 78269.25 32000
1695867088963 78266.672 36000
1695867167862 78302.95 40000
1695867246531 78366.621 44000
1695867324865 78299.464 48000
1695867398771 77816.16 52000
1695867471250 77239.96 56000
1695867543717 76668.152 60000
1695867616281 76074.131 64000
1695867688673 75431.801 68000
1695867761154 74791.386 72000
1695867833653 74188.85 76000
1695867905974 73529.956 80000
1695867978652 72927.598 84000
1695868050952 72324.279 88000
1695868123179 72155.445 92000
1695868195395 72127.3 96000
1695868267493 72090.177 100000
1695868339850 72069.611 104000
1695868412085 72055.367 108000
1695868484263 72025.126 112000
1695868556571 72005.033 116000
1695868628842 71999.424 120000
1695868701564 72005.252 124000
1695868773903 72008.339 128000
1695868846280 72023.189 132000
1695868918312 72005.742 136000
1695868990636 72027.785 140000
1695869062736 72001.354 144000
1695869134967 71999.268 148000
1695869207392 72023.648 152000
1695869279486 72001.71 156000
1695869351728 71997.79 160000
1695869424146 71966.786 164000
1695869496350 71953.506 168000
1695869568768 71958.039 172000
1695869641050 71984.121 176000
1695869713277 71974.184 180000
1695869785763 72011.711 184000
1695869858461 72058.325 188000
1695869931141 72083.252 192000
1695870003479 72107.871 196000
1695870076004 72136.758 200000
1695870148239 72116.765 204000
1695870220364 72107.476 208000
1695870291164 71945.243 212000
1695870362919 71890.339 216000
1695870434838 71859.555 220000
1695870507362 71864.835 224000
1695870580470 71904.902 228000
1695870652946 71885.264 232000
1695870725319 71887.027 236000
1695870797467 71849.322 240000
1695870869777 71859.509 244000
1695870942221 71892.611 248000
1695871014783 72068.725 252000
1695871087060 72121.962 256000
1695871159242 72146.343 260000
1695871231664 72134.972 264000
1695871304314 72089.069 268000
