1695862722177 0.20000000000000004 4000
1695862798939 0.20000000000000004 8000
1695862876099 0.20000000000000004 12000
1695862954001 0.20000000000000004 16000
1695863032445 0.20000000000000004 20000
1695863111982 0.20000000000000004 24000
1695863190594 0.20000000000000004 28000
1695863268927 0.20000000000000004 32000
1695863347281 0.20000000000000004 36000
1695863425535 0.20000000000000004 40000
1695863503536 0.20000000000000004 44000
1695863582157 0.20000000000000004 48000
1695863661885 0.20000000000000004 52000
1695863740583 0.20000000000000004 56000
