1695862722177 5.0000000000000016e-05 4000
1695862798939 5.0000000000000016e-05 8000
1695862876100 5.0000000000000016e-05 12000
1695862954002 5.0000000000000016e-05 16000
1695863032446 5.0000000000000016e-05 20000
1695863111982 5.0000000000000016e-05 24000
1695863190595 5.0000000000000016e-05 28000
1695863268927 5.0000000000000016e-05 32000
1695863347281 5.0000000000000016e-05 36000
1695863425536 5.0000000000000016e-05 40000
1695863503536 5.0000000000000016e-05 44000
1695863582157 5.0000000000000016e-05 48000
1695863661885 5.0000000000000016e-05 52000
1695863740584 5.0000000000000016e-05 56000
