1695862722181 0.0010000000000000005 4000
1695862798943 0.0010000000000000005 8000
1695862876103 0.0010000000000000005 12000
1695862954005 0.0010000000000000005 16000
1695863032449 0.0010000000000000005 20000
1695863111986 0.0010000000000000005 24000
1695863190598 0.0010000000000000005 28000
1695863268930 0.0010000000000000005 32000
1695863347284 0.0010000000000000005 36000
1695863425538 0.0010000000000000005 40000
1695863503539 0.0010000000000000005 44000
1695863582160 0.0010000000000000005 48000
1695863661888 0.0010000000000000005 52000
1695863740587 0.0010000000000000005 56000
