1695862722180 1.9326756913214922 4000
1695862798942 1.9194120266785224 8000
1695862876102 1.8970434038589399 12000
1695862954004 1.866336535786589 16000
1695863032449 1.8648566940178475 20000
1695863111985 1.8325738509496052 24000
1695863190597 1.8117600282033284 28000
1695863268930 1.808454949160417 32000
1695863347283 1.7859821605185668 36000
1695863425538 1.73560991336902 40000
1695863503539 1.6862717075894276 44000
1695863582160 1.6252288171400626 48000
1695863661888 1.6340585534771284 52000
1695863740587 1.5862307368467252 56000
