1695862722176 0.6642285578884184 4000
1695862798938 0.7031454072333873 8000
1695862876099 0.8622639834259948 12000
1695862954001 0.9895734309218824 16000
1695863032445 0.9859165264293551 20000
1695863111981 1.0714807514722149 24000
1695863190594 1.136110682785511 28000
1695863268926 1.2314752443383137 32000
1695863347280 1.222733608695368 36000
1695863425535 1.338412882015109 40000
1695863503535 1.4074815295015772 44000
1695863582156 1.3963820630684496 48000
1695863661884 1.406812221246461 52000
1695863740583 1.4305255766957998 56000
