1695862722180 0.013319258415665107 4000
1695862798942 0.01298521902676839 8000
1695862876102 0.011929197790937469 12000
1695862954004 0.013561473955863807 16000
1695863032448 0.01439295712864754 20000
1695863111985 0.008999396903933558 24000
1695863190597 0.013705419321116942 28000
1695863268929 0.012012032119020926 32000
1695863347283 0.012079898023868402 36000
1695863425538 0.012445549881774983 40000
1695863503538 0.01161414025361914 44000
1695863582159 0.010418535779786105 48000
1695863661887 0.013480126488685174 52000
1695863740587 0.0121048775958435 56000
