1695862722178 -0.01640623602531074 4000
1695862798940 -0.01956282865915758 8000
1695862876101 -0.015016036235707967 12000
1695862954003 -0.018682477427258468 16000
1695863032447 -0.022220875098961795 20000
1695863111983 -0.015226416299992707 24000
1695863190595 -0.023593468921414267 28000
1695863268928 -0.019839859808659335 32000
1695863347282 -0.017296204531157856 36000
1695863425536 -0.022735829414159525 40000
1695863503537 -0.017307993254992955 44000
1695863582158 -0.01565554387149556 48000
1695863661886 -0.021545997869300965 52000
1695863740585 -0.018137805548515948 56000
