1695862722178 -0.00029950612127625694 4000
1695862798940 -0.01451538251646222 8000
1695862876100 -0.0125319685646294 12000
1695862954002 -0.0049109230495863205 16000
1695863032446 -0.014041366912124431 20000
1695863111983 -0.008242412153776968 24000
1695863190595 -0.007912921609810534 28000
1695863268928 -0.004995488529205735 32000
1695863347282 -0.0076801873874501325 36000
1695863425536 -0.007144549464222412 40000
1695863503537 -0.0051675064081185456 44000
1695863582158 -0.009622894745977344 48000
1695863661886 -0.013540014941099798 52000
1695863740584 0.003197003551880092 56000
