1695862722179 -0.014275259400407473 4000
1695862798941 0.2324169679855307 8000
1695862876102 0.2533398413409789 12000
1695862954003 0.32732192197193705 16000
1695863032448 0.39733645704885323 20000
1695863111984 0.37322462977220616 24000
1695863190596 0.6114611212164164 28000
1695863268929 0.545810739013056 32000
1695863347283 0.5411354705070456 36000
1695863425537 0.6255738636478781 40000
1695863503538 0.6052159858867526 44000
1695863582159 0.5241328606382012 48000
1695863661887 0.799785586943229 52000
1695863740586 0.6159130083397031 56000
