1695862722179 0.030751107207227808 4000
1695862798941 0.00873962832071508 8000
1695862876101 0.003990542746396386 12000
1695862954003 0.0258511928152681 16000
1695863032447 0.01433154706270822 20000
1695863111984 0.01403339768051713 24000
1695863190596 0.02950244830766072 28000
1695863268928 0.028500838067460184 32000
1695863347282 0.01797204067358204 36000
1695863425537 0.029675559886770012 40000
1695863503538 0.02300786100361923 44000
1695863582158 0.011148342537975016 48000
1695863661886 0.013888031582852515 52000
1695863740586 0.04100012866256293 56000
