1695866460283 1.0 4000
1695866539222 1.0 8000
1695866617952 1.0 12000
1695866696174 1.0 16000
1695866774355 1.0 20000
1695866852843 1.0 24000
1695866931655 1.0 28000
1695867010526 1.0 32000
1695867089038 1.0 36000
1695867167938 1.0 40000
1695867246610 1.0 44000
1695867324946 1.0 48000
1695867398851 1.0 52000
1695867471329 1.0 56000
1695867543796 1.0 60000
1695867616361 1.0 64000
1695867688750 1.0 68000
1695867761230 1.0 72000
1695867833733 1.0 76000
1695867906052 1.0 80000
1695867978731 1.0 84000
1695868051031 1.0 88000
1695868123268 1.0 92000
1695868195475 1.0 96000
1695868267577 1.0 100000
1695868339930 1.0 104000
1695868412165 1.0 108000
1695868484342 1.0 112000
1695868556652 1.0 116000
1695868628922 1.0 120000
1695868701646 1.0 124000
1695868773985 1.0 128000
1695868846362 1.0 132000
1695868918397 1.0 136000
1695868990716 1.0 140000
1695869062813 1.0 144000
1695869135047 1.0 148000
1695869207476 1.0 152000
1695869279564 1.0 156000
1695869351807 1.0 160000
1695869424225 1.0 164000
1695869496428 1.0 168000
1695869568852 1.0 172000
1695869641133 1.0 176000
1695869713361 1.0 180000
1695869785845 1.0 184000
1695869858542 1.0 188000
1695869931222 1.0 192000
1695870003561 1.0 196000
1695870076085 1.0 200000
1695870148317 1.0 204000
1695870220444 1.0 208000
1695870291245 1.0 212000
1695870362993 1.0 216000
1695870434916 1.0 220000
1695870507441 1.0 224000
1695870580550 1.0 228000
1695870653036 1.0 232000
1695870725401 1.0 236000
1695870797548 1.0 240000
1695870869858 1.0 244000
1695870942300 1.0 248000
1695871014862 1.0 252000
1695871087139 1.0 256000
1695871159324 1.0 260000
1695871231744 1.0 264000
1695871304394 1.0 268000
