1695866617945 0.0 12000
1695866696167 0.0 16000
1695866774349 0.0 20000
1695866852837 0.0 24000
1695866931649 0.0 28000
1695867010519 0.0 32000
1695867089032 0.0 36000
1695867167931 0.0 40000
1695867246604 0.0 44000
1695867324939 0.0 48000
1695867398843 0.0 52000
1695867471324 0.0 56000
1695867543789 0.0 60000
1695867616355 0.0 64000
1695867688744 0.0 68000
1695867761224 0.0 72000
1695867833726 0.0 76000
1695867906045 0.0 80000
1695867978725 0.0 84000
1695868051024 0.0 88000
1695868123261 0.0 92000
1695868195469 0.0 96000
1695868267571 0.0 100000
1695868339924 0.0 104000
1695868412158 0.0 108000
1695868484335 0.0 112000
1695868556646 0.0 116000
1695868628916 0.0 120000
1695868701639 0.0 124000
1695868773979 0.0 128000
1695868846356 0.0 132000
1695868918390 0.0 136000
1695868990709 0.0 140000
1695869062807 0.0 144000
1695869135041 0.0 148000
1695869207469 0.0 152000
1695869279557 0.0 156000
1695869351801 0.0 160000
1695869424219 0.0 164000
1695869496421 0.0 168000
1695869568846 0.0 172000
1695869641126 0.0 176000
1695869713354 0.0 180000
1695869785838 0.0 184000
1695869858536 0.0 188000
1695869931215 0.0 192000
1695870003554 0.0 196000
1695870076078 0.0 200000
1695870148311 0.0 204000
1695870220437 0.0 208000
1695870291238 0.0 212000
1695870362986 0.0 216000
1695870434910 0.0 220000
1695870507435 0.0 224000
1695870580545 0.0 228000
1695870653028 0.0 232000
1695870725395 0.0 236000
1695870797541 0.0 240000
1695870869852 0.0 244000
1695870942293 0.0 248000
1695871014855 0.0 252000
1695871087132 0.0 256000
1695871159319 0.0 260000
1695871231738 0.0 264000
1695871304388 0.0 268000
