1695866617944 0.13093864987235979 12000
1695866696166 0.1319456309123414 16000
1695866774348 0.13233240610356306 20000
1695866852837 0.13231313953370816 24000
1695866931648 0.1325284324191594 28000
1695867010518 0.13276541975547407 32000
1695867089031 0.13305956776052175 36000
1695867167931 0.13327211096524788 40000
1695867246604 0.13339351982225595 44000
1695867324938 0.1334339987174298 48000
1695867398842 0.1337727764183006 52000
1695867471323 0.13378338604364873 56000
1695867543788 0.13369171973386673 60000
1695867616354 0.13342532420971387 64000
1695867688744 0.13337016181601127 68000
1695867761223 0.13300323520289142 72000
1695867833725 0.13271150430021383 76000
1695867906045 0.1323605893008361 80000
1695867978725 0.1323605893008361 84000
1695868051024 0.13206006252449093 88000
1695868123261 0.13141383982033972 92000
1695868195469 0.13121555007029326 96000
1695868267570 0.13108942365579715 100000
1695868339923 0.13067172620545145 104000
1695868412158 0.13026174324688997 108000
1695868484334 0.13006554009024549 112000
1695868556646 0.12933846779105307 116000
1695868628915 0.12881818961539163 120000
1695868701638 0.12816709004614898 124000
1695868773978 0.1274680932486862 128000
1695868846356 0.1269535596889585 132000
1695868918389 0.12621315204567202 136000
1695868990708 0.1253924788056168 140000
1695869062806 0.12463737126533525 144000
1695869135040 0.1242698393759221 148000
1695869207469 0.12396476312861987 152000
1695869279557 0.12347941429395509 156000
1695869351800 0.12314762761129758 160000
1695869424218 0.12288494338975758 164000
1695869496421 0.12241886257167155 168000
1695869568845 0.12197462737294408 172000
1695869641125 0.12152112029436628 176000
1695869713353 0.12130484058715561 180000
1695869785838 0.12096923318824873 184000
1695869858535 0.12080071969000727 188000
1695869931215 0.1206259382196036 192000
1695870003554 0.12045212143529593 196000
1695870076078 0.12040025578300206 200000
1695870148310 0.12027162057122755 204000
1695870220437 0.12007519019035447 208000
1695870291237 0.11998627819471988 212000
1695870362986 0.11988541228806884 216000
1695870434909 0.1198265359706716 220000
1695870507435 0.11972764184629611 224000
1695870580544 0.11965547666252274 228000
1695870653027 0.11952676512728445 232000
1695870725394 0.11952646554909427 236000
1695870797541 0.11940174861333826 240000
1695870869852 0.11933999835671409 244000
1695870942293 0.11926674315299066 248000
1695871014855 0.11921784290443428 252000
1695871087131 0.11911345717277486 256000
1695871159316 0.11897917653739036 260000
1695871231738 0.11893523721422762 264000
1695871304388 0.1188820797894241 268000
