1695866617943 1.759838204300473 12000
1695866696165 1.7736989742641835 16000
1695866774347 1.776717504061277 20000
1695866852836 1.7763958632393937 24000
1695866931647 1.7799428865133429 28000
1695867010517 1.7819983968695838 32000
1695867089030 1.7843850649136697 36000
1695867167930 1.7867084961865816 40000
1695867246603 1.7876417061211685 44000
1695867324937 1.787976610101725 48000
1695867398841 1.7909829666608355 52000
1695867471322 1.790876334810905 56000
1695867543787 1.789047256520143 60000
1695867616353 1.7863147312885848 64000
1695867688743 1.7851521974646622 68000
1695867761222 1.780653238643597 72000
1695867833724 1.7775975048902237 76000
1695867906044 1.7732495100515668 80000
1695867978724 1.7732495100515668 84000
1695868051023 1.7699342187665281 88000
1695868123260 1.762309051351683 92000
1695868195468 1.7602084541890992 96000
1695868267569 1.7586902862751566 100000
1695868339922 1.7538319133843125 104000
1695868412156 1.7489356107647722 108000
1695868484333 1.746388546930891 112000
1695868556645 1.7377255763952497 116000
1695868628914 1.7317613480402434 120000
1695868701637 1.7241546349164478 124000
1695868773977 1.716311218199107 128000
1695868846355 1.710646151065571 132000
1695868918388 1.7023418276767557 136000
1695868990707 1.6934444763977805 140000
1695869062805 1.6851667660679892 144000
1695869135039 1.6810252998269746 148000
1695869207468 1.6772314293921595 152000
1695869279556 1.6721779591931138 156000
1695869351799 1.6687064838390586 160000
1695869424217 1.6657995405397363 164000
1695869496420 1.6606050771370522 168000
1695869568844 1.6558950299493147 172000
1695869641124 1.6508483152046112 176000
1695869713352 1.648718545154329 180000
1695869785836 1.6451325775094177 184000
1695869858534 1.6431142638226495 188000
1695869931214 1.6410401525651803 192000
1695870003553 1.6386302345314916 196000
1695870076077 1.637793679024644 200000
1695870148309 1.6363615431603182 204000
1695870220435 1.6344468517667143 208000
1695870291236 1.6332054076886604 212000
1695870362985 1.6320726961171692 216000
1695870434908 1.6309597459998488 220000
1695870507434 1.6297097012373642 224000
1695870580543 1.628608868931096 228000
1695870653026 1.6273754834876673 232000
1695870725393 1.6268696686698443 236000
1695870797540 1.6257750137958857 240000
1695870869851 1.6248088068868618 244000
1695870942292 1.6239151548437056 248000
1695871014854 1.6233093893269293 252000
1695871087130 1.6221286608838712 256000
1695871159315 1.6204714792027624 260000
1695871231737 1.6199351038753484 264000
1695871304387 1.61937380826016 268000
