1695866617943 0.07434411410189587 12000
1695866696166 0.07517726068511023 16000
1695866774348 0.07533925136552143 20000
1695866852836 0.07532460493806202 24000
1695866931648 0.07551425598364023 28000
1695867010517 0.07562229345756882 32000
1695867089031 0.07575612393884888 36000
1695867167930 0.07585847753624719 40000
1695867246603 0.07591358161551116 44000
1695867324938 0.07593922603911159 48000
1695867398842 0.07609920618625103 52000
1695867471323 0.07609431176903464 56000
1695867543788 0.07598469013890212 60000
1695867616353 0.07579579954653363 64000
1695867688743 0.07572285906973203 68000
1695867761223 0.07544707518959565 72000
1695867833725 0.07524257371515308 76000
1695867906044 0.07496362723904146 80000
1695867978724 0.07496362723904146 84000
1695868051023 0.07474590947912695 88000
1695868123260 0.07426163131167184 92000
1695868195468 0.07412213409851152 96000
1695868267570 0.07402775078796744 100000
1695868339923 0.07371745831465 104000
1695868412157 0.07339930389619892 108000
1695868484334 0.07322856112991404 112000
1695868556645 0.07266878271049725 116000
1695868628915 0.07228644122980653 120000
1695868701638 0.07180257874300754 124000
1695868773978 0.07130528237698276 128000
1695868846355 0.07093884942054107 132000
1695868918389 0.07041109167990654 136000
1695868990708 0.06985246766575799 140000
1695869062806 0.06932306136473093 144000
1695869135040 0.06905016414237618 148000
1695869207468 0.06881790833610103 152000
1695869279556 0.06849934724306883 156000
1695869351800 0.06827432220170385 160000
1695869424218 0.06809383902544328 164000
1695869496420 0.06776007345398864 168000
1695869568845 0.06746395491624022 172000
1695869641125 0.06715526022807798 176000
1695869713352 0.06701348842026679 180000
1695869785837 0.06679788414863654 184000
1695869858535 0.06668137131598116 188000
1695869931214 0.06656189261519396 192000
1695870003553 0.06641483193402414 196000
1695870076077 0.06636758984716988 200000
1695870148310 0.06628272553673681 204000
1695870220436 0.06616533856016513 208000
1695870291237 0.06608625600085387 212000
1695870362985 0.06603115144086825 216000
1695870434909 0.06596127793317516 220000
1695870507434 0.06589651134247386 224000
1695870580544 0.06584086781491184 228000
1695870653027 0.0657621890499501 232000
1695870725393 0.06574806630979634 236000
1695870797540 0.06566890144884972 240000
1695870869851 0.0656092583678667 244000
1695870942292 0.06555677262059996 248000
1695871014854 0.06552648828436856 252000
1695871087131 0.06544835036579101 256000
1695871159315 0.06536271939613303 260000
1695871231737 0.06531966375471124 264000
1695871304387 0.06528505458392356 268000
