1695864210325 -0.17600000000000013 16000
1695864289200 -0.17600000000000013 20000
1695864367952 -0.17600000000000013 24000
1695864446613 -0.17600000000000013 28000
1695864524943 -0.17600000000000013 32000
1695864603016 -0.17600000000000013 36000
1695864681304 -0.17600000000000013 40000
1695864759790 -0.17600000000000013 44000
1695864838351 -0.17600000000000013 48000
1695864917165 -0.17600000000000013 52000
1695864995626 -0.17600000000000013 56000
1695865073854 -0.17600000000000013 60000
1695865152223 -0.17600000000000013 64000
1695865230424 -0.17600000000000013 68000
1695865308694 -0.17600000000000013 72000
1695865386800 -0.17600000000000013 76000
1695865465419 -0.17600000000000013 80000
1695865543594 -0.17600000000000013 84000
1695865622141 -0.17600000000000013 88000
1695865700509 -0.17600000000000013 92000
1695865778949 -0.17600000000000013 96000
1695865857293 -0.17600000000000013 100000
1695865935647 -0.17600000000000013 104000
1695866013951 -0.17600000000000013 108000
1695866092378 -0.17600000000000013 112000
1695866170742 -0.17600000000000013 116000
1695866249420 -0.17600000000000013 120000
