1695864210325 -0.2835000000000002 16000
1695864289201 -0.2835000000000002 20000
1695864367952 -0.2835000000000002 24000
1695864446613 -0.2835000000000002 28000
1695864524943 -0.2835000000000002 32000
1695864603016 -0.2835000000000002 36000
1695864681305 -0.2835000000000002 40000
1695864759790 -0.2835000000000002 44000
1695864838351 -0.2835000000000002 48000
1695864917166 -0.2835000000000002 52000
1695864995627 -0.2835000000000002 56000
1695865073855 -0.2835000000000002 60000
1695865152224 -0.2835000000000002 64000
1695865230425 -0.2835000000000002 68000
1695865308694 -0.2835000000000002 72000
1695865386800 -0.2835000000000002 76000
1695865465419 -0.2835000000000002 80000
1695865543594 -0.2835000000000002 84000
1695865622142 -0.2835000000000002 88000
1695865700509 -0.2835000000000002 92000
1695865778949 -0.2835000000000002 96000
1695865857293 -0.2835000000000002 100000
1695865935648 -0.2835000000000002 104000
1695866013952 -0.2835000000000002 108000
1695866092378 -0.2835000000000002 112000
1695866170742 -0.2835000000000002 116000
1695866249421 -0.2835000000000002 120000
