1695864210272 1.441549999999992 16000
1695864289156 1.441549999999992 20000
1695864367904 1.441549999999992 24000
1695864446568 1.441549999999992 28000
1695864524894 1.441549999999992 32000
1695864602971 1.441549999999992 36000
1695864681261 1.441549999999992 40000
1695864759744 1.441549999999992 44000
1695864838302 1.441549999999992 48000
1695864917115 1.441549999999992 52000
1695864995581 1.441549999999992 56000
1695865073807 1.441549999999992 60000
1695865152178 1.441549999999992 64000
1695865230378 1.441549999999992 68000
1695865308644 1.441549999999992 72000
1695865386750 1.6312836049999924 76000
1695865465374 1.6312836049999924 80000
1695865543547 1.6312836049999924 84000
1695865622096 1.6312836049999924 88000
1695865700463 1.6312836049999924 92000
1695865778903 1.6312836049999924 96000
1695865857239 1.6312836049999924 100000
1695865935597 1.6312836049999924 104000
1695866013906 1.6312836049999924 108000
1695866092327 1.6312836049999924 112000
1695866170697 1.6312836049999924 116000
1695866249374 1.6312836049999924 120000
