1695864210271 1.7422836050000094 16000
1695864289156 1.7422836050000094 20000
1695864367904 1.7422836050000094 24000
1695864446567 1.7422836050000094 28000
1695864524893 1.7422836050000094 32000
1695864602970 1.7422836050000094 36000
1695864681260 1.823693237816185 40000
1695864759744 1.823693237816185 44000
1695864838302 1.823693237816185 48000
1695864917114 1.823693237816185 52000
1695864995580 1.823693237816185 56000
1695865073806 1.823693237816185 60000
1695865152178 1.8306932378161758 64000
1695865230377 1.8306932378161758 68000
1695865308644 1.8306932378161758 72000
1695865386750 1.8306932378161758 76000
1695865465373 1.8306932378161758 80000
1695865543546 2.6887088628161715 84000
1695865622096 2.6887088628161715 88000
1695865700463 2.6887088628161715 92000
1695865778902 2.6887088628161715 96000
1695865857239 2.6887088628161715 100000
1695865935597 2.6887088628161715 104000
1695866013905 2.6887088628161715 108000
1695866092326 2.6887088628161715 112000
1695866170697 2.6887088628161715 116000
1695866249374 2.6887088628161715 120000
