1695864210272 0.7267719385589151 16000
1695864289157 0.7267719385589151 20000
1695864367905 0.7267719385589151 24000
1695864446568 0.8473412952553392 28000
1695864524894 0.8473412952553392 32000
1695864602971 0.8473412952553392 36000
1695864681261 0.9594920657862385 40000
1695864759745 0.9594920657862385 44000
1695864838303 0.9594920657862385 48000
1695864917115 1.0566351969029175 52000
1695864995581 1.0566351969029175 56000
1695865073807 1.0566351969029175 60000
1695865152179 1.1477571745992636 64000
1695865230378 1.1477571745992636 68000
1695865308645 1.1489368746071211 72000
1695865386751 1.1371023465446612 76000
1695865465375 1.1483114356718136 80000
1695865543547 1.1735638525102456 84000
1695865622097 1.1704641223752263 88000
1695865700464 1.1807662020495808 92000
1695865778903 1.1839764419899554 96000
1695865857240 1.1979991668207484 100000
1695865935598 1.2125387221454065 104000
1695866013906 1.2144665556722063 108000
1695866092327 1.2206175086059197 112000
1695866170698 1.2312447794421593 116000
1695866249375 1.2333925646990167 120000
