1695864210273 0.36020499999999794 16000
1695864289157 0.36020499999999794 20000
1695864367905 0.36020499999999794 24000
1695864446569 0.3897703964165165 28000
1695864524894 0.3897703964165165 32000
1695864602972 0.3897703964165165 36000
1695864681262 0.31883028744578545 40000
1695864759745 0.31883028744578545 44000
1695864838303 0.31883028744578545 48000
1695864917116 0.271172715584339 52000
1695864995581 0.271172715584339 56000
1695865073808 0.271172715584339 60000
1695865152179 0.24433817246747128 64000
1695865230378 0.24433817246747128 68000
1695865308645 0.2463805612426189 72000
1695865386751 0.2684581894143251 76000
1695865465375 0.2741123704728927 80000
1695865543548 0.268217085711042 84000
1695865622097 0.28035757274420886 88000
1695865700464 0.27688917469105107 92000
1695865778904 0.27620763701934614 96000
1695865857240 0.277050570653697 100000
1695865935598 0.26839677785466964 104000
1695866013907 0.26857089170831566 108000
1695866092328 0.267550502718733 112000
1695866170698 0.26559713587081746 116000
1695866249375 0.26530485965245687 120000
