1695864210340 0.0732886649756637 16000
1695864289212 0.0732886649756637 20000
1695864367965 0.0732886649756637 24000
1695864446625 0.07416573939492402 28000
1695864524955 0.07416573939492402 32000
1695864603029 0.07416573939492402 36000
1695864681318 0.07462270330712392 40000
1695864759802 0.07462270330712392 44000
1695864838364 0.07462270330712392 48000
1695864917180 0.07496220492590407 52000
1695864995640 0.07496220492590407 56000
1695865073867 0.07496220492590407 60000
1695865152235 0.07520743986662304 64000
1695865230437 0.07520743986662304 68000
1695865308707 0.0752288127099513 72000
1695865386812 0.07527637814586513 76000
1695865465431 0.07539604431630728 80000
1695865543605 0.07543077035791344 84000
1695865622154 0.07548323490713538 88000
1695865700522 0.07554704819418681 92000
1695865778960 0.07557612313164407 96000
1695865857306 0.07561294318810607 100000
1695865935660 0.07567151033208586 104000
1695866013964 0.07569613236659152 108000
1695866092391 0.07572789547944477 112000
1695866170754 0.07578034065389977 116000
1695866249432 0.0758014690068189 120000
