1695864210341 0.12911244677722938 16000
1695864289213 0.12911244677722938 20000
1695864367965 0.12911244677722938 24000
1695864446626 0.13090540290947195 28000
1695864524956 0.13090540290947195 32000
1695864603029 0.13090540290947195 36000
1695864681319 0.1317768120455535 40000
1695864759803 0.1317768120455535 44000
1695864838364 0.1317768120455535 48000
1695864917180 0.13245533931899697 52000
1695864995640 0.13245533931899697 56000
1695865073867 0.13245533931899697 60000
1695865152235 0.13295397124337385 64000
1695865230437 0.13295397124337385 68000
1695865308707 0.13299476415330802 72000
1695865386812 0.1330989405231778 76000
1695865465432 0.13333666646424683 80000
1695865543605 0.13343028059836337 84000
1695865622154 0.13354397099666512 88000
1695865700522 0.13365190210701244 92000
1695865778961 0.1337323026469898 96000
1695865857306 0.1338030963168345 100000
1695865935661 0.13392028724908914 104000
1695866013964 0.13399004477413512 108000
1695866092391 0.13405698167170124 112000
1695866170754 0.13417048704356585 116000
1695866249432 0.1342335226589353 120000
