1695864210340 1.7476029726656281 16000
1695864289212 1.7476029726656281 20000
1695864367964 1.7476029726656281 24000
1695864446625 1.7653781389005267 28000
1695864524955 1.7653781389005267 32000
1695864603028 1.7653781389005267 36000
1695864681318 1.7734119116302234 40000
1695864759802 1.7734119116302234 44000
1695864838363 1.7734119116302234 48000
1695864917179 1.7788028974868308 52000
1695864995639 1.7788028974868308 56000
1695865073866 1.7788028974868308 60000
1695865152235 1.7824884640899124 64000
1695865230437 1.7824884640899124 68000
1695865308707 1.782831518139719 72000
1695865386812 1.7834843458195868 76000
1695865465431 1.785125259190965 80000
1695865543605 1.785736978172921 84000
1695865622153 1.7864349085534585 88000
1695865700521 1.787165968518197 92000
1695865778960 1.787668500621295 96000
1695865857305 1.7881027284695692 100000
1695865935660 1.7887462035933894 104000
1695866013964 1.7891824930711078 108000
1695866092390 1.7895511390141967 112000
1695866170754 1.790144559437162 116000
1695866249432 1.7905139619000525 120000
