1695864210341 0.0 16000
1695864289213 0.0 20000
1695864367965 0.0 24000
1695864446626 0.0 28000
1695864524956 0.0 32000
1695864603029 0.0 36000
1695864681319 0.0 40000
1695864759803 0.0 44000
1695864838364 0.0 48000
1695864917180 0.0 52000
1695864995641 0.0 56000
1695865073868 0.0 60000
1695865152236 0.0 64000
1695865230438 0.0 68000
1695865308708 0.0 72000
1695865386813 0.0 76000
1695865465432 0.0 80000
1695865543606 0.0 84000
1695865622154 0.0 88000
1695865700523 0.0 92000
1695865778961 0.0 96000
1695865857307 0.0 100000
1695865935661 0.0 104000
1695866013965 0.0 108000
1695866092392 0.0 112000
1695866170755 0.0 116000
1695866249433 0.0 120000
