1695864210339 0.23700559533885834 16000
1695864289212 0.23700559533885834 20000
1695864367964 0.23700559533885834 24000
1695864446624 0.2391004179283529 28000
1695864524954 0.2391004179283529 32000
1695864603028 0.2391004179283529 36000
1695864681317 0.23995690301324385 40000
1695864759802 0.23995690301324385 44000
1695864838363 0.23995690301324385 48000
1695864917179 0.24050675348323472 52000
1695864995639 0.24050675348323472 56000
1695865073866 0.24050675348323472 60000
1695865152234 0.24083698044077514 64000
1695865230436 0.24083698044077514 68000
1695865308706 0.24085637820245095 72000
1695865386811 0.24091639048560196 76000
1695865465430 0.2410434737005072 80000
1695865543604 0.24110860777464502 84000
1695865622153 0.24115916734969065 88000
1695865700521 0.2412010900158073 92000
1695865778959 0.24125762971003709 96000
1695865857305 0.24127722738025748 100000
1695865935660 0.24133302559407394 104000
1695866013963 0.24138194614040853 108000
1695866092390 0.2414022168791978 112000
1695866170753 0.24145970522935065 116000
1695866249431 0.24150263192040813 120000
