1695863976022 479.5 4000
1695864053910 479.5 8000
1695864131989 479.5 12000
1695864210365 479.5 16000
1695864289236 479.5 20000
1695864367987 479.5 24000
1695864446647 479.5 28000
1695864524976 479.5 32000
1695864603050 479.5 36000
1695864681343 479.5 40000
1695864759824 479.5 44000
1695864838387 479.5 48000
1695864917204 479.5 52000
1695864995662 479.5 56000
1695865073888 479.5 60000
1695865152257 479.5 64000
1695865230460 479.5 68000
1695865308730 479.5 72000
1695865386833 479.5 76000
1695865465454 479.5 80000
1695865543628 479.5 84000
1695865622175 479.5 88000
1695865700546 479.5 92000
1695865778984 479.5 96000
1695865857330 479.5 100000
1695865935683 479.5 104000
1695866013987 479.5 108000
1695866092412 479.5 112000
1695866170775 479.5 116000
1695866249454 479.5 120000
