1695863976022 480.5 4000
1695864053910 1440.5 8000
1695864131989 2400.5 12000
1695864210365 3360.5 16000
1695864289235 4320.5 20000
1695864367987 5280.5 24000
1695864446647 6240.5 28000
1695864524976 7200.5 32000
1695864603050 8160.5 36000
1695864681343 9120.5 40000
1695864759824 10080.5 44000
1695864838387 11040.5 48000
1695864917203 12000.5 52000
1695864995662 12960.5 56000
1695865073887 13920.5 60000
1695865152256 14880.5 64000
1695865230460 15840.5 68000
1695865308729 16800.5 72000
1695865386832 17760.5 76000
1695865465453 18720.5 80000
1695865543627 19680.5 84000
1695865622175 20640.5 88000
1695865700545 21600.5 92000
1695865778984 22560.5 96000
1695865857329 23520.5 100000
1695865935682 24480.5 104000
1695866013986 25440.5 108000
1695866092412 26400.5 112000
1695866170775 27360.5 116000
1695866249454 28320.5 120000
