1695866460192 4000.0 4000
1695866539159 8000.0 8000
1695866617845 12000.0 12000
1695866696083 16000.0 16000
1695866774267 20000.0 20000
1695866852752 24000.0 24000
1695866931566 28000.0 28000
1695867010428 32000.0 32000
1695867088950 36000.0 36000
1695867167849 40000.0 40000
1695867246518 44000.0 44000
1695867324852 48000.0 48000
1695867398758 52000.0 52000
1695867471237 56000.0 56000
1695867543704 60000.0 60000
1695867616268 64000.0 64000
1695867688659 68000.0 68000
1695867761140 72000.0 72000
1695867833640 76000.0 76000
1695867905961 80000.0 80000
1695867978638 84000.0 84000
1695868050938 88000.0 88000
1695868123164 92000.0 92000
1695868195381 96000.0 96000
1695868267480 100000.0 100000
1695868339837 104000.0 104000
1695868412071 108000.0 108000
1695868484250 112000.0 112000
1695868556557 116000.0 116000
1695868628829 120000.0 120000
1695868701551 124000.0 124000
1695868773890 128000.0 128000
1695868846266 132000.0 132000
1695868918297 136000.0 136000
1695868990622 140000.0 140000
1695869062723 144000.0 144000
1695869134953 148000.0 148000
1695869207379 152000.0 152000
1695869279472 156000.0 156000
1695869351713 160000.0 160000
1695869424132 164000.0 164000
1695869496336 168000.0 168000
1695869568756 172000.0 172000
1695869641035 176000.0 176000
1695869713264 180000.0 180000
1695869785750 184000.0 184000
1695869858448 188000.0 188000
1695869931129 192000.0 192000
1695870003466 196000.0 196000
1695870075992 200000.0 200000
1695870148227 204000.0 204000
1695870220352 208000.0 208000
1695870291150 212000.0 212000
1695870362905 216000.0 216000
1695870434824 220000.0 220000
1695870507348 224000.0 224000
1695870580455 228000.0 228000
1695870652932 232000.0 232000
1695870725306 236000.0 236000
1695870797454 240000.0 240000
1695870869762 244000.0 244000
1695870942208 248000.0 248000
1695871014769 252000.0 252000
1695871087047 256000.0 256000
1695871159228 260000.0 260000
1695871231650 264000.0 264000
1695871304300 268000.0 268000
