1695863976002 1.0 4000
1695864053882 1.0 8000
1695864131974 1.0 12000
1695864210347 1.0 16000
1695864289218 1.0 20000
1695864367970 1.0 24000
1695864446631 1.0 28000
1695864524960 1.0 32000
1695864603034 1.0 36000
1695864681324 1.0 40000
1695864759808 1.0 44000
1695864838369 1.0 48000
1695864917186 1.0 52000
1695864995645 1.0 56000
1695865073872 1.0 60000
1695865152241 1.0 64000
1695865230443 1.0 68000
1695865308712 1.0 72000
1695865386817 1.0 76000
1695865465437 1.0 80000
1695865543610 1.0 84000
1695865622159 1.0 88000
1695865700528 1.0 92000
1695865778966 1.0 96000
1695865857311 1.0 100000
1695865935666 1.0 104000
1695866013970 1.0 108000
1695866092396 1.0 112000
1695866170759 1.0 116000
1695866249437 1.0 120000
