1695863976003 0.0 4000
1695864053883 0.0 8000
1695864131975 0.0 12000
1695864210348 0.0 16000
1695864289219 0.0 20000
1695864367971 0.0 24000
1695864446632 0.0 28000
1695864524961 0.0 32000
1695864603035 0.0 36000
1695864681325 0.0 40000
1695864759809 0.0 44000
1695864838370 0.0 48000
1695864917187 0.0 52000
1695864995646 0.0 56000
1695865073873 0.0 60000
1695865152241 0.0 64000
1695865230444 0.0 68000
1695865308713 0.0 72000
1695865386818 0.0 76000
1695865465438 0.0 80000
1695865543611 0.0 84000
1695865622160 0.0 88000
1695865700529 0.0 92000
1695865778967 0.0 96000
1695865857312 0.0 100000
1695865935667 0.0 104000
1695866013971 0.0 108000
1695866092397 0.0 112000
1695866170760 0.0 116000
1695866249438 0.0 120000
