1695863976001 8.0 4000
1695864053880 8.0 8000
1695864131973 8.0 12000
1695864210346 8.0 16000
1695864289218 8.0 20000
1695864367969 8.0 24000
1695864446630 8.0 28000
1695864524960 8.0 32000
1695864603033 8.0 36000
1695864681324 8.0 40000
1695864759807 8.0 44000
1695864838368 8.0 48000
1695864917185 8.0 52000
1695864995645 8.0 56000
1695865073871 8.0 60000
1695865152240 8.0 64000
1695865230442 8.0 68000
1695865308712 8.0 72000
1695865386817 8.0 76000
1695865465436 8.0 80000
1695865543610 8.0 84000
1695865622159 8.0 88000
1695865700527 8.0 92000
1695865778965 8.0 96000
1695865857310 8.0 100000
1695865935665 8.0 104000
1695866013969 8.0 108000
1695866092395 8.0 112000
1695866170759 8.0 116000
1695866249437 8.0 120000
