1695866617925 1.866862500000001 12000
1695866696149 0.799512225277297 16000
1695866774332 0.9446363979793613 20000
1695866852821 1.0188964417088906 24000
1695866931632 1.0883276342274664 28000
1695867010501 1.0498667413431513 32000
1695867089015 1.1363812126535373 36000
1695867167915 1.1952321584910162 40000
1695867246588 1.233593390638425 44000
1695867324922 1.2360128308378076 48000
1695867398826 1.2124119585425002 52000
1695867471309 1.2297465379832324 56000
1695867543772 1.2711306983581452 60000
1695867616337 1.2595875840127495 64000
1695867688729 1.2613430140953477 68000
1695867761209 1.283347681743923 72000
1695867833710 1.2988594298859333 76000
1695867906028 1.2754824551825439 80000
1695867978711 1.2754824551825439 84000
1695868051008 1.2734109782756526 88000
1695868123245 1.2740609731925245 92000
1695868195454 1.3067495712020956 96000
1695868267552 1.3138261487099256 100000
1695868339907 1.3032520646119239 104000
1695868412141 1.346802090025003 108000
1695868484317 1.3814924074975912 112000
1695868556631 1.4261883617340338 116000
1695868628899 1.468796817845932 120000
1695868701621 1.487478203792315 124000
1695868773961 1.4858239183350357 128000
1695868846341 1.503226851627757 132000
1695868918372 1.5437905601340807 136000
1695868990691 1.5534999241251057 140000
1695869062792 1.6157663219600227 144000
1695869135025 1.6344051032100233 148000
1695869207453 1.6422795304663473 152000
1695869279541 1.67432089942995 156000
1695869351787 1.7022727389726713 160000
1695869424203 1.722935311321284 164000
1695869496407 1.7548156758781202 168000
1695869568828 1.8161501437135603 172000
1695869641110 1.8488550724345223 176000
1695869713336 1.8880121256053852 180000
1695869785821 1.9460049404998108 184000
1695869858519 1.950796074114369 188000
1695869931200 1.9731597667362064 192000
1695870003538 2.0496001077243067 196000
1695870076063 2.0535504556815756 200000
1695870148294 2.0856800443718244 204000
1695870220420 2.0830776485649674 208000
1695870291223 2.0700451843709833 212000
1695870362972 2.0483198941869403 216000
1695870434895 2.0235660582861903 220000
1695870507421 1.985240657158029 224000
1695870580530 2.0169988899639195 228000
1695870653008 1.963582342829436 232000
1695870725377 1.9420383649340351 236000
1695870797525 1.966258736641325 240000
1695870869837 1.9426203926297796 244000
1695870942279 1.9129371883307353 248000
1695871014837 1.9227322895969903 252000
1695871087114 1.9358441254632544 256000
1695871159301 1.9239321844705424 260000
1695871231723 1.9545403980987042 264000
1695871304373 1.936813991848705 268000
