1695866617925 -0.19500000000000015 12000
1695866696150 0.2594049999999983 16000
1695866774332 0.2275045454545439 20000
1695866852822 0.19404230769230635 24000
1695866931632 0.18505499999999966 28000
1695867010501 0.20025454545454513 32000
1695867089015 0.16248461538461506 36000
1695867167915 0.17065540981965238 40000
1695867246588 0.17512780326368219 44000
1695867324923 0.17931869761746877 48000
1695867398826 0.24716718031619742 52000
1695867471309 0.25103311117888877 56000
1695867543772 0.26108868851429184 60000
1695867616338 0.27773255561123017 64000
1695867688729 0.29843143300394637 68000
1695867761210 0.3154300486598264 72000
1695867833711 0.32021357520924837 76000
1695867906028 0.3566460367463362 80000
1695867978711 0.3566460367463362 84000
1695868051009 0.3634666272243717 88000
1695868123246 0.382514440145149 92000
1695868195455 0.379277700360144 96000
1695868267553 0.3799383949760549 100000
1695868339907 0.38962373766317165 104000
1695868412141 0.4092437376631717 108000
1695868484318 0.40007992185418645 112000
1695868556631 0.4362099218541863 116000
1695868628899 0.44388942185418634 120000
1695868701622 0.46566352676189743 124000
1695868773961 0.48813069071189735 128000
1695868846342 0.49252569071189745 132000
1695868918373 0.4845101907118973 136000
1695868990691 0.49184170080632333 140000
1695869062793 0.48672670080632324 144000
1695869135026 0.4860967008063233 148000
1695869207453 0.4891617008063233 152000
1695869279541 0.47189386475632333 156000
1695869351787 0.4735979627136021 160000
1695869424203 0.463304224620881 164000
1695869496407 0.4646531942854405 168000
1695869568828 0.4723865100944259 172000
1695869641110 0.4831865100944258 176000
1695869713336 0.48673151009442583 180000
1695869785821 0.4858065100944259 184000
1695869858520 0.48621499999999995 188000
1695869931200 0.49321999999999994 192000
1695870003539 0.49639089509228884 196000
1695870076064 0.49687089509228877 200000
1695870148295 0.4978908950922889 204000
1695870220421 0.5035758950922888 208000
1695870291224 0.5083158950922888 212000
1695870362972 0.5040858950922888 216000
1695870434896 0.5131458950922889 220000
1695870507421 0.5232258950922889 224000
1695870580530 0.5237058950922888 228000
1695870653008 0.5190258950922889 232000
1695870725378 0.519245 236000
1695870797525 0.5195599999999999 240000
1695870869837 0.5253615100944259 244000
1695870942279 0.5257365100944259 248000
1695871014838 0.5216715100944259 252000
1695871087115 0.5221515100944258 256000
1695871159302 0.5167515100944259 260000
1695871231723 0.5125365100944259 264000
1695871304374 0.5122965100944259 268000
