1695866617826 1.0 12000
1695866696069 0.1 16000
1695866774253 0.18181818181818182 20000
1695866852738 0.23076923076923078 24000
1695866931552 0.15 28000
1695867010413 0.18181818181818182 32000
1695867088936 0.2692307692307692 36000
1695867167835 0.25 40000
1695867246504 0.2857142857142857 44000
1695867324839 0.2777777777777778 48000
1695867398744 0.28888888888888886 52000
1695867471222 0.30434782608695654 56000
1695867543690 0.3333333333333333 60000
1695867616254 0.3392857142857143 64000
1695867688646 0.3620689655172414 68000
1695867761127 0.375 72000
1695867833626 0.38235294117647056 76000
1695867905947 0.3783783783783784 80000
1695867978625 0.3783783783783784 84000
1695868050924 0.3717948717948718 88000
1695868123150 0.38636363636363635 92000
1695868195367 0.4065934065934066 96000
1695868267466 0.40860215053763443 100000
1695868339823 0.41 104000
1695868412057 0.45 108000
1695868484236 0.48 112000
1695868556543 0.52 116000
1695868628815 0.56 120000
1695868701537 0.57 124000
1695868773876 0.61 128000
1695868846252 0.63 132000
1695868918283 0.64 136000
1695868990608 0.65 140000
1695869062709 0.67 144000
1695869134940 0.68 148000
1695869207365 0.7 152000
1695869279458 0.71 156000
1695869351699 0.75 160000
1695869424118 0.76 164000
1695869496322 0.78 168000
1695869568737 0.81 172000
1695869641021 0.83 176000
1695869713251 0.84 180000
1695869785737 0.88 184000
1695869858435 0.89 188000
1695869931115 0.92 192000
1695870003453 0.95 196000
1695870075979 0.94 200000
1695870148211 0.94 204000
1695870220338 0.95 208000
1695870291137 0.96 212000
1695870362890 0.95 216000
1695870434811 0.95 220000
1695870507335 0.94 224000
1695870580443 0.93 228000
1695870652918 0.91 232000
1695870725292 0.9 236000
1695870797440 0.92 240000
1695870869749 0.9 244000
1695870942193 0.88 248000
1695871014755 0.88 252000
1695871087033 0.88 256000
1695871159214 0.87 260000
1695871231637 0.87 264000
1695871304287 0.87 268000
