1695866617827 1.0 12000
1695866696069 0.0 16000
1695866774254 0.0 20000
1695866852738 0.0 24000
1695866931553 0.0 28000
1695867010414 0.0 32000
1695867088937 0.0 36000
1695867167836 0.0 40000
1695867246505 0.0 44000
1695867324839 0.0 48000
1695867398745 0.0 52000
1695867471223 0.0 56000
1695867543690 0.0 60000
1695867616255 0.0 64000
1695867688647 0.0 68000
1695867761127 0.0 72000
1695867833626 0.0 76000
1695867905947 0.0 80000
1695867978625 0.0 84000
1695868050925 0.0 88000
1695868123151 0.0 92000
1695868195368 0.0 96000
1695868267467 0.0 100000
1695868339824 0.0 104000
1695868412057 0.0 108000
1695868484237 0.0 112000
1695868556543 0.0 116000
1695868628815 0.0 120000
1695868701537 0.0 124000
1695868773876 0.0 128000
1695868846253 0.0 132000
1695868918284 0.0 136000
1695868990608 0.0 140000
1695869062710 0.0 144000
1695869134940 0.0 148000
1695869207365 0.0 152000
1695869279459 0.0 156000
1695869351700 0.0 160000
1695869424119 0.0 164000
1695869496323 0.0 168000
1695869568738 0.0 172000
1695869641022 0.0 176000
1695869713252 0.0 180000
1695869785737 0.0 184000
1695869858436 0.0 188000
1695869931116 0.0 192000
1695870003454 0.0 196000
1695870075979 0.0 200000
1695870148212 0.0 204000
1695870220339 0.0 208000
1695870291137 0.0 212000
1695870362890 0.0 216000
1695870434811 0.0 220000
1695870507335 0.0 224000
1695870580443 0.0 228000
1695870652918 0.0 232000
1695870725293 0.0 236000
1695870797440 0.0 240000
1695870869750 0.0 244000
1695870942194 0.0 248000
1695871014756 0.0 252000
1695871087033 0.0 256000
1695871159214 0.0 260000
1695871231637 0.0 264000
1695871304288 0.0 268000
