1695866617828 1.0 12000
1695866696070 1.0 16000
1695866774254 1.0 20000
1695866852739 1.0 24000
1695866931553 1.0 28000
1695867010414 1.0 32000
1695867088937 1.0 36000
1695867167837 1.0 40000
1695867246505 1.0 44000
1695867324840 1.0 48000
1695867398745 1.0 52000
1695867471224 1.0 56000
1695867543691 1.0 60000
1695867616256 1.0 64000
1695867688647 1.0 68000
1695867761128 1.0 72000
1695867833627 1.0 76000
1695867905948 1.0 80000
1695867978626 1.0 84000
1695868050925 1.0 88000
1695868123151 1.0 92000
1695868195368 1.0 96000
1695868267467 1.0 100000
1695868339824 1.0 104000
1695868412058 1.0 108000
1695868484237 1.0 112000
1695868556544 1.0 116000
1695868628816 1.0 120000
1695868701538 1.0 124000
1695868773877 1.0 128000
1695868846253 1.0 132000
1695868918285 1.0 136000
1695868990609 1.0 140000
1695869062710 1.0 144000
1695869134941 1.0 148000
1695869207366 1.0 152000
1695869279460 1.0 156000
1695869351700 1.0 160000
1695869424120 1.0 164000
1695869496323 1.0 168000
1695869568738 1.0 172000
1695869641022 1.0 176000
1695869713253 1.0 180000
1695869785738 1.0 184000
1695869858436 1.0 188000
1695869931116 1.0 192000
1695870003454 1.0 196000
1695870075980 1.0 200000
1695870148213 1.0 204000
1695870220339 1.0 208000
1695870291138 1.0 212000
1695870362891 1.0 216000
1695870434812 1.0 220000
1695870507336 1.0 224000
1695870580444 1.0 228000
1695870652919 1.0 232000
1695870725293 1.0 236000
1695870797441 1.0 240000
1695870869750 1.0 244000
1695870942195 1.0 248000
1695871014756 1.0 252000
1695871087034 1.0 256000
1695871159215 1.0 260000
1695871231638 1.0 264000
1695871304288 1.0 268000
