1695866617834 0.0 12000
1695866696075 0.0 16000
1695866774259 0.0 20000
1695866852743 0.0 24000
1695866931558 0.0 28000
1695867010420 0.0 32000
1695867088942 0.0 36000
1695867167841 0.0 40000
1695867246510 0.0 44000
1695867324844 0.0 48000
1695867398750 0.0 52000
1695867471228 0.0 56000
1695867543696 0.0 60000
1695867616260 0.0 64000
1695867688651 0.0 68000
1695867761132 0.0 72000
1695867833632 0.0 76000
1695867905953 0.0 80000
1695867978630 0.0 84000
1695868050930 0.0 88000
1695868123156 0.0 92000
1695868195373 0.0 96000
1695868267472 0.0 100000
1695868339829 0.0 104000
1695868412063 0.0 108000
1695868484242 0.0 112000
1695868556549 0.0 116000
1695868628821 0.0 120000
1695868701543 0.0 124000
1695868773882 0.0 128000
1695868846258 0.0 132000
1695868918289 0.0 136000
1695868990614 0.0 140000
1695869062715 0.0 144000
1695869134945 0.0 148000
1695869207371 0.0 152000
1695869279464 0.0 156000
1695869351705 0.0 160000
1695869424124 0.0 164000
1695869496328 0.0 168000
1695869568746 0.0 172000
1695869641027 0.0 176000
1695869713257 0.0 180000
1695869785742 0.0 184000
1695869858440 0.0 188000
1695869931121 0.0 192000
1695870003459 0.0 196000
1695870075984 0.0 200000
1695870148218 0.0 204000
1695870220344 0.0 208000
1695870291142 0.0 212000
1695870362896 0.0 216000
1695870434817 0.0 220000
1695870507340 0.0 224000
1695870580448 0.0 228000
1695870652923 0.0 232000
1695870725298 0.0 236000
1695870797445 0.0 240000
1695870869755 0.0 244000
1695870942199 0.0 248000
1695871014761 0.0 252000
1695871087039 0.0 256000
1695871159220 0.0 260000
1695871231642 0.0 264000
1695871304292 0.0 268000
