1695866617833 0.0 12000
1695866696074 0.0 16000
1695866774258 0.0 20000
1695866852743 0.0 24000
1695866931557 0.0 28000
1695867010419 0.0 32000
1695867088941 0.0 36000
1695867167841 0.0 40000
1695867246510 0.0 44000
1695867324844 0.0 48000
1695867398749 0.0 52000
1695867471228 0.0 56000
1695867543695 0.0 60000
1695867616260 0.0 64000
1695867688651 0.0 68000
1695867761131 0.0 72000
1695867833631 0.0 76000
1695867905952 0.0 80000
1695867978630 0.0 84000
1695868050930 0.0 88000
1695868123155 0.0 92000
1695868195372 0.0 96000
1695868267472 0.0 100000
1695868339828 0.0 104000
1695868412063 0.0 108000
1695868484241 0.0 112000
1695868556548 0.0 116000
1695868628820 0.0 120000
1695868701542 0.0 124000
1695868773881 0.0 128000
1695868846257 0.0 132000
1695868918289 0.0 136000
1695868990613 0.0 140000
1695869062715 0.0 144000
1695869134945 0.0 148000
1695869207370 0.0 152000
1695869279464 0.0 156000
1695869351704 0.0 160000
1695869424124 0.0 164000
1695869496327 0.0 168000
1695869568745 0.0 172000
1695869641026 0.0 176000
1695869713256 0.0 180000
1695869785742 0.0 184000
1695869858440 0.0 188000
1695869931120 0.0 192000
1695870003458 0.0 196000
1695870075984 0.0 200000
1695870148217 0.0 204000
1695870220343 0.0 208000
1695870291142 0.0 212000
1695870362895 0.0 216000
1695870434816 0.0 220000
1695870507339 0.0 224000
1695870580447 0.0 228000
1695870652923 0.0 232000
1695870725297 0.0 236000
1695870797445 0.0 240000
1695870869754 0.0 244000
1695870942199 0.0 248000
1695871014761 0.0 252000
1695871087038 0.0 256000
1695871159219 0.0 260000
1695871231642 0.0 264000
1695871304292 0.0 268000
