1695866617830 0.0 12000
1695866696072 0.0 16000
1695866774256 0.0 20000
1695866852740 0.0 24000
1695866931555 0.0 28000
1695867010416 0.0 32000
1695867088939 0.0 36000
1695867167838 0.0 40000
1695867246507 0.0 44000
1695867324842 0.0 48000
1695867398747 0.0 52000
1695867471225 0.0 56000
1695867543693 0.0 60000
1695867616257 0.0 64000
1695867688649 0.0 68000
1695867761129 0.0 72000
1695867833629 0.0 76000
1695867905950 0.0 80000
1695867978628 0.0 84000
1695868050927 0.0 88000
1695868123153 0.0 92000
1695868195370 0.0 96000
1695868267469 0.0 100000
1695868339826 0.0 104000
1695868412060 0.0 108000
1695868484239 0.0 112000
1695868556546 0.0 116000
1695868628818 0.0 120000
1695868701540 0.0 124000
1695868773879 0.0 128000
1695868846255 0.0 132000
1695868918286 0.0 136000
1695868990611 0.0 140000
1695869062712 0.0 144000
1695869134942 0.0 148000
1695869207368 0.0 152000
1695869279461 0.0 156000
1695869351702 0.0 160000
1695869424121 0.0 164000
1695869496325 0.0 168000
1695869568741 0.0 172000
1695869641024 0.0 176000
1695869713254 0.0 180000
1695869785740 0.0 184000
1695869858438 0.0 188000
1695869931118 0.0 192000
1695870003456 0.0 196000
1695870075982 0.0 200000
1695870148215 0.0 204000
1695870220341 0.0 208000
1695870291139 0.0 212000
1695870362893 0.0 216000
1695870434814 0.0 220000
1695870507337 0.0 224000
1695870580445 0.0 228000
1695870652920 0.0 232000
1695870725295 0.0 236000
1695870797442 0.0 240000
1695870869752 0.0 244000
1695870942196 0.0 248000
1695871014758 0.0 252000
1695871087036 0.0 256000
1695871159217 0.0 260000
1695871231639 0.0 264000
1695871304290 0.0 268000
