1695866617830 0.0 12000
1695866696071 0.0 16000
1695866774255 0.0 20000
1695866852740 0.0 24000
1695866931554 0.0 28000
1695867010416 0.0 32000
1695867088938 0.0 36000
1695867167838 0.0 40000
1695867246507 0.0 44000
1695867324841 0.0 48000
1695867398746 0.0 52000
1695867471225 0.0 56000
1695867543692 0.0 60000
1695867616257 0.0 64000
1695867688648 0.0 68000
1695867761129 0.0 72000
1695867833628 0.0 76000
1695867905949 0.0 80000
1695867978627 0.0 84000
1695868050927 0.0 88000
1695868123152 0.0 92000
1695868195369 0.0 96000
1695868267469 0.0 100000
1695868339825 0.0 104000
1695868412059 0.0 108000
1695868484238 0.0 112000
1695868556545 0.0 116000
1695868628817 0.0 120000
1695868701539 0.0 124000
1695868773878 0.0 128000
1695868846254 0.0 132000
1695868918286 0.0 136000
1695868990610 0.0 140000
1695869062712 0.0 144000
1695869134942 0.0 148000
1695869207367 0.0 152000
1695869279461 0.0 156000
1695869351702 0.0 160000
1695869424121 0.0 164000
1695869496324 0.0 168000
1695869568740 0.0 172000
1695869641024 0.0 176000
1695869713254 0.0 180000
1695869785739 0.0 184000
1695869858437 0.0 188000
1695869931117 0.0 192000
1695870003455 0.0 196000
1695870075981 0.0 200000
1695870148214 0.0 204000
1695870220340 0.0 208000
1695870291139 0.0 212000
1695870362892 0.0 216000
1695870434813 0.0 220000
1695870507337 0.0 224000
1695870580445 0.0 228000
1695870652920 0.0 232000
1695870725294 0.0 236000
1695870797442 0.0 240000
1695870869751 0.0 244000
1695870942196 0.0 248000
1695871014758 0.0 252000
1695871087035 0.0 256000
1695871159216 0.0 260000
1695871231639 0.0 264000
1695871304289 0.0 268000
