1695866617829 0.0 12000
1695866696071 0.0 16000
1695866774255 0.0 20000
1695866852739 0.0 24000
1695866931554 0.0 28000
1695867010415 0.0 32000
1695867088938 0.0 36000
1695867167837 0.0 40000
1695867246506 0.0 44000
1695867324840 0.0 48000
1695867398746 0.0 52000
1695867471224 0.0 56000
1695867543692 0.0 60000
1695867616256 0.0 64000
1695867688648 0.0 68000
1695867761128 0.0 72000
1695867833628 0.0 76000
1695867905948 0.0 80000
1695867978627 0.0 84000
1695868050926 0.0 88000
1695868123152 0.0 92000
1695868195369 0.0 96000
1695868267468 0.0 100000
1695868339825 0.0 104000
1695868412059 0.0 108000
1695868484238 0.0 112000
1695868556545 0.0 116000
1695868628816 0.0 120000
1695868701539 0.0 124000
1695868773877 0.0 128000
1695868846254 0.0 132000
1695868918285 0.0 136000
1695868990609 0.0 140000
1695869062711 0.0 144000
1695869134941 0.0 148000
1695869207367 0.0 152000
1695869279460 0.0 156000
1695869351701 0.0 160000
1695869424120 0.0 164000
1695869496324 0.0 168000
1695869568739 0.0 172000
1695869641023 0.0 176000
1695869713253 0.0 180000
1695869785738 0.0 184000
1695869858437 0.0 188000
1695869931117 0.0 192000
1695870003455 0.0 196000
1695870075980 0.0 200000
1695870148213 0.0 204000
1695870220340 0.0 208000
1695870291138 0.0 212000
1695870362892 0.0 216000
1695870434812 0.0 220000
1695870507336 0.0 224000
1695870580444 0.0 228000
1695870652919 0.0 232000
1695870725294 0.0 236000
1695870797441 0.0 240000
1695870869751 0.0 244000
1695870942195 0.0 248000
1695871014757 0.0 252000
1695871087035 0.0 256000
1695871159216 0.0 260000
1695871231638 0.0 264000
1695871304289 0.0 268000
