1695863976030 0.0 4000
1695864053919 0.0 8000
1695864131995 0.0 12000
1695864210371 0.0 16000
1695864289242 0.0 20000
1695864367993 0.0 24000
1695864446653 0.0 28000
1695864524982 0.0 32000
1695864603056 0.0 36000
1695864681350 0.0 40000
1695864759830 0.0 44000
1695864838394 0.0 48000
1695864917211 0.0 52000
1695864995668 0.0 56000
1695865073893 0.0 60000
1695865152263 0.0 64000
1695865230466 0.0 68000
1695865308735 0.0 72000
1695865386839 0.0 76000
1695865465460 0.0 80000
1695865543633 0.0 84000
1695865622181 0.0 88000
1695865700552 0.0 92000
1695865778991 0.0 96000
1695865857338 0.0 100000
1695865935689 0.0 104000
1695866013993 0.0 108000
1695866092418 0.0 112000
1695866170781 0.0 116000
1695866249460 0.0 120000
