1695863976032 5.0000000000000016e-05 4000
1695864053920 5.0000000000000016e-05 8000
1695864131996 5.0000000000000016e-05 12000
1695864210373 5.0000000000000016e-05 16000
1695864289244 5.0000000000000016e-05 20000
1695864367995 5.0000000000000016e-05 24000
1695864446654 5.0000000000000016e-05 28000
1695864524983 5.0000000000000016e-05 32000
1695864603057 5.0000000000000016e-05 36000
1695864681351 5.0000000000000016e-05 40000
1695864759831 5.0000000000000016e-05 44000
1695864838395 5.0000000000000016e-05 48000
1695864917212 5.0000000000000016e-05 52000
1695864995669 5.0000000000000016e-05 56000
1695865073894 5.0000000000000016e-05 60000
1695865152264 5.0000000000000016e-05 64000
1695865230467 5.0000000000000016e-05 68000
1695865308736 5.0000000000000016e-05 72000
1695865386840 5.0000000000000016e-05 76000
1695865465461 5.0000000000000016e-05 80000
1695865543634 5.0000000000000016e-05 84000
1695865622182 5.0000000000000016e-05 88000
1695865700554 5.0000000000000016e-05 92000
1695865778992 5.0000000000000016e-05 96000
1695865857340 5.0000000000000016e-05 100000
1695865935690 5.0000000000000016e-05 104000
1695866013994 5.0000000000000016e-05 108000
1695866092419 5.0000000000000016e-05 112000
1695866170783 5.0000000000000016e-05 116000
1695866249461 5.0000000000000016e-05 120000
