1695863976031 0.20000000000000004 4000
1695864053920 0.10000000000000002 8000
1695864131996 0.05000000000000001 12000
1695864210372 0.025000000000000005 16000
1695864289243 0.012500000000000002 20000
1695864367994 0.006250000000000001 24000
1695864446654 0.0031250000000000006 28000
1695864524982 0.0015625000000000003 32000
1695864603057 0.0007812500000000002 36000
1695864681351 0.0003906250000000001 40000
1695864759831 0.00019531250000000004 44000
1695864838395 9.765625000000002e-05 48000
1695864917211 4.882812500000001e-05 52000
1695864995669 2.4414062500000005e-05 56000
1695865073894 1.2207031250000002e-05 60000
1695865152264 6.103515625000001e-06 64000
1695865230467 3.0517578125000006e-06 68000
1695865308736 1.5258789062500003e-06 72000
1695865386839 7.629394531250001e-07 76000
1695865465461 3.814697265625001e-07 80000
1695865543634 1.9073486328125004e-07 84000
1695865622182 9.536743164062502e-08 88000
1695865700553 4.768371582031251e-08 92000
1695865778991 2.3841857910156255e-08 96000
1695865857339 1.1920928955078127e-08 100000
1695865935689 5.960464477539064e-09 104000
1695866013994 2.980232238769532e-09 108000
1695866092419 1.490116119384766e-09 112000
1695866170782 7.45058059692383e-10 116000
1695866249461 3.725290298461915e-10 120000
