1695863976035 1.945875959098339 4000
1695864053923 1.9458405359337727 8000
1695864131999 1.9457992352545261 12000
1695864210375 1.9457535499085983 16000
1695864289246 1.945720218246182 20000
1695864367997 1.9456733154753845 24000
1695864446657 1.9455305724094312 28000
1695864524985 1.9454715973387162 32000
1695864603060 1.945425587768356 36000
1695864681353 1.9452733489374319 40000
1695864759834 1.9451998109618822 44000
1695864838398 1.9453048204382262 48000
1695864917214 1.9452067864437899 52000
1695864995672 1.9449404422193766 56000
1695865073897 1.9450537232061227 60000
1695865152267 1.9449153202275435 64000
1695865230470 1.9446945323298375 68000
1695865308739 1.9447867364933094 72000
1695865386842 1.944673911233743 76000
1695865465464 1.9445369016379117 80000
1695865543637 1.9445996361474196 84000
1695865622185 1.9444271781792244 88000
1695865700556 1.9442448360224565 92000
1695865778994 1.9442511713753143 96000
1695865857343 1.9443047082672515 100000
1695865935692 1.9440412384768326 104000
1695866013997 1.944038300588727 108000
1695866092421 1.943858720610539 112000
1695866170785 1.943553132812182 116000
1695866249463 1.9436273537576199 120000
