1695863976036 0.0010000000000000005 4000
1695864053924 0.0010000000000000005 8000
1695864131999 0.0010000000000000005 12000
1695864210375 0.0010000000000000005 16000
1695864289247 0.0010000000000000005 20000
1695864367998 0.0010000000000000005 24000
1695864446657 0.0010000000000000005 28000
1695864524986 0.0010000000000000005 32000
1695864603060 0.0010000000000000005 36000
1695864681354 0.0010000000000000005 40000
1695864759834 0.0010000000000000005 44000
1695864838398 0.0010000000000000005 48000
1695864917215 0.0010000000000000005 52000
1695864995672 0.0010000000000000005 56000
1695865073897 0.0010000000000000005 60000
1695865152267 0.0010000000000000005 64000
1695865230470 0.0010000000000000005 68000
1695865308739 0.0010000000000000005 72000
1695865386843 0.0010000000000000005 76000
1695865465464 0.0010000000000000005 80000
1695865543637 0.0010000000000000005 84000
1695865622185 0.0010000000000000005 88000
1695865700557 0.0010000000000000005 92000
1695865778995 0.0010000000000000005 96000
1695865857343 0.0010000000000000005 100000
1695865935692 0.0010000000000000005 104000
1695866013997 0.0010000000000000005 108000
1695866092422 0.0010000000000000005 112000
1695866170786 0.0010000000000000005 116000
1695866249464 0.0010000000000000005 120000
