1695863976031 0.4026621957309544 4000
1695864053919 0.31196165457367897 8000
1695864131995 0.30411753070851166 12000
1695864210372 0.2934542718032996 16000
1695864289243 0.2615767683290566 20000
1695864367994 0.2333673202432692 24000
1695864446654 0.28494598865509035 28000
1695864524982 0.2598335004489248 32000
1695864603056 0.2631560819223523 36000
1695864681350 0.2661587459035218 40000
1695864759831 0.23561641218451163 44000
1695864838394 0.2462300959043205 48000
1695864917211 0.2304658496597161 52000
1695864995669 0.22499617519788445 56000
1695865073893 0.23380774486189088 60000
1695865152264 0.21984717859886588 64000
1695865230467 0.26274594934657214 68000
1695865308735 0.24654035782441497 72000
1695865386839 0.22793419745285065 76000
1695865465460 0.2518099668979024 80000
1695865543634 0.2492524838540703 84000
1695865622181 0.21760540718678384 88000
1695865700553 0.23263137750327587 92000
1695865778991 0.20186303358059376 96000
1695865857339 0.22683481485582888 100000
1695865935689 0.2385799740596364 104000
1695866013993 0.2522783394747724 108000
1695866092418 0.1843619360588491 112000
1695866170782 0.24247944382950665 116000
1695866249460 0.21357732810235272 120000
