1695863976035 3.305099908994802e-05 4000
1695864053923 3.099976229705518e-05 8000
1695864131998 3.254154379793335e-05 12000
1695864210375 3.404304776792877e-05 16000
1695864289246 3.1712220698183745e-05 20000
1695864367997 3.646462047676528e-05 24000
1695864446656 4.671018529489359e-05 28000
1695864524985 4.1279535015122566e-05 32000
1695864603059 3.6463680860043814e-05 36000
1695864681353 3.479403088873466e-05 40000
1695864759834 4.1539763422078954e-05 44000
1695864838397 4.1043477377126585e-05 48000
1695864917214 4.5529070633424745e-05 52000
1695864995671 4.279295871588383e-05 56000
1695865073896 4.885067114287674e-05 60000
1695865152266 4.578354164350539e-05 64000
1695865230469 4.452555370901834e-05 68000
1695865308738 4.0231442644008315e-05 72000
1695865386842 4.2277010824820493e-05 76000
1695865465463 4.52929560180911e-05 80000
1695865543636 3.965312342568972e-05 84000
1695865622184 5.3428200315504734e-05 88000
1695865700556 5.701452737210862e-05 92000
1695865778994 5.162668694170073e-05 96000
1695865857342 5.080710392754105e-05 100000
1695865935692 5.266021611173427e-05 104000
1695866013996 4.606337588967853e-05 108000
1695866092421 4.576586395347119e-05 112000
1695866170785 5.140533579437445e-05 116000
1695866249463 5.275710998532783e-05 120000
