1695863976033 -0.0018969397075125015 4000
1695864053921 -0.0018399065629637334 8000
1695864131997 -0.0037646950831306944 12000
1695864210373 -0.0018280769237511171 16000
1695864289244 -0.0016092213346079612 20000
1695864367995 -0.002143285659258254 24000
1695864446655 -0.0027339856382847453 28000
1695864524984 -0.003152536609074256 32000
1695864603058 -0.0024790674819087145 36000
1695864681352 -0.002977718535839813 40000
1695864759832 -0.0017404640355380252 44000
1695864838396 -0.0026654383618733846 48000
1695864917213 -0.0008885512099368498 52000
1695864995670 -0.0032123915004679776 56000
1695865073895 -0.0011540819590057556 60000
1695865152265 -0.0017103204554587137 64000
1695865230468 -0.002394416156312218 68000
1695865308737 -0.0018906636507987665 72000
1695865386841 -0.0006285444632036767 76000
1695865465462 -0.0016592466417932883 80000
1695865543635 -0.003016763920216666 84000
1695865622183 -0.002416367581948483 88000
1695865700555 -0.003115460718254326 92000
1695865778993 -0.002344767580022259 96000
1695865857341 -0.0019415429762981754 100000
1695865935690 -0.0018080799124921517 104000
1695866013995 -0.002292518313333858 108000
1695866092420 -0.0018790633034465524 112000
1695866170784 -0.002846974662679713 116000
1695866249462 -0.0014227586631022858 120000
