1695863976033 0.007607515307927315 4000
1695864053921 -0.001144381515071776 8000
1695864131997 -0.0051969016131200385 12000
1695864210373 0.0009981773040787327 16000
1695864289244 -0.002403112115151392 20000
1695864367995 -0.0037015283306705746 24000
1695864446655 -0.003123683071822825 28000
1695864524983 -0.00437236156420416 32000
1695864603058 -0.004303924645682855 36000
1695864681351 -0.004410082369800724 40000
1695864759832 -0.002613883294649592 44000
1695864838395 -0.004477136768700044 48000
1695864917212 -0.0026980041234613357 52000
1695864995670 -0.003687397320730194 56000
1695865073895 -0.002032993984039422 60000
1695865152265 -0.0019143063163350386 64000
1695865230468 -0.0021895268217804187 68000
1695865308737 -0.0035737275813403357 72000
1695865386840 -0.0014985378459035322 76000
1695865465461 -0.002011469302865265 80000
1695865543635 -0.004268651815512688 84000
1695865622182 -0.003489825757424114 88000
1695865700554 -0.0045287798297067635 92000
1695865778992 -0.003548871800010526 96000
1695865857340 -0.003285984737643351 100000
1695865935690 -0.0028003690965609468 104000
1695866013995 -0.003831317085860064 108000
1695866092419 -0.003341750568264009 112000
1695866170783 -0.004251242237175271 116000
1695866249462 -0.002396218421684656 120000
