1695863976034 -0.03855676148086786 4000
1695864053922 0.18999386268357435 8000
1695864131998 -0.7538216318314274 12000
1695864210374 0.4116395342474182 16000
1695864289245 0.3888158105313778 20000
1695864367996 0.4400469536582629 24000
1695864446656 0.6644100130846103 28000
1695864524984 0.7097477161635956 32000
1695864603059 0.5882984239608049 36000
1695864681353 0.7933447860181332 40000
1695864759833 0.6871751646821698 44000
1695864838397 0.32889671965191764 48000
1695864917213 0.618309915314118 52000
1695864995671 0.42499317483355603 56000
1695865073896 0.39203873705118897 60000
1695865152266 0.640380882906417 64000
1695865230469 0.5578572625294328 68000
1695865308738 0.202932965879639 72000
1695865386841 0.7002192365626494 76000
1695865465463 0.6679251197725534 80000
1695865543636 0.22673749582221112 84000
1695865622184 0.5073793929070234 88000
1695865700556 0.807982957859834 92000
1695865778994 0.608380492652456 96000
1695865857342 0.8260903986170888 100000
1695865935691 0.8152984941378236 104000
1695866013996 0.8424767777323723 108000
1695866092420 0.7519209883486231 112000
1695866170784 0.8593395441149672 116000
1695866249463 0.6580690441032251 120000
