1695863976034 0.022887432001395307 4000
1695864053922 0.005276530482296949 8000
1695864131997 0.0010239283103449755 12000
1695864210374 0.009542311126521479 16000
1695864289245 0.0023028679668944583 20000
1695864367996 0.0007744051315512479 24000
1695864446656 0.003111375173769678 28000
1695864524984 0.0014511654255329632 32000
1695864603059 0.00024108108643000986 36000
1695864681352 0.0010257922636659107 40000
1695864759833 0.002143545025198061 44000
1695864838396 0.0002672046453464342 48000
1695864917213 0.0002715048936806852 52000
1695864995671 0.002939870821440612 56000
1695865073895 0.002132284579632445 60000
1695865152265 0.0034818582372281525 64000
1695865230469 0.004299168077098633 68000
1695865308737 0.0005234456988849463 72000
1695865386841 0.0021493596156991162 76000
1695865465462 0.003184627649898175 80000
1695865543635 0.00138542415346213 84000
1695865622183 0.0017419378930450572 88000
1695865700555 0.001061850477420497 92000
1695865778993 0.00148029537729902 96000
1695865857341 0.0011997264956335129 100000
1695865935691 0.0019035057720126738 104000
1695866013996 0.0008104782801638067 108000
1695866092420 0.0009623461906433779 112000
1695866170784 0.0010785723316075746 116000
1695866249462 0.0019403352122329429 120000
