1695866460196 nan 4000
1695866539162 nan 8000
1695866617848 1.6718625000000007 12000
1695866696086 0.10149999999999965 16000
1695866774270 0.10149999999999965 20000
1695866852754 0.10149999999999965 24000
1695866931569 0.10149999999999965 28000
1695867010431 0.10149999999999965 32000
1695867088953 0.10149999999999965 36000
1695867167852 0.10149999999999965 40000
1695867246521 0.10149999999999965 44000
1695867324855 0.10149999999999965 48000
1695867398761 0.10149999999999965 52000
1695867471240 0.10149999999999965 56000
1695867543707 0.10149999999999965 60000
1695867616271 0.10149999999999965 64000
1695867688662 0.10149999999999965 68000
1695867761143 0.10149999999999965 72000
1695867833642 0.10149999999999965 76000
1695867905964 0.10149999999999965 80000
1695867978641 0.10149999999999965 84000
1695868050941 0.10149999999999965 88000
1695868123167 0.10149999999999965 92000
1695868195384 0.10149999999999965 96000
1695868267483 0.10149999999999965 100000
1695868339840 0.10149999999999965 104000
1695868412074 0.5348593749999995 108000
1695868484253 0.5348593749999995 112000
1695868556560 0.5348593749999995 116000
1695868628832 0.5348593749999995 120000
1695868701554 0.5348593749999995 124000
1695868773893 0.5348593749999995 128000
1695868846269 0.5348593749999995 132000
1695868918300 0.5348593749999995 136000
1695868990625 0.5348593749999995 140000
1695869062726 0.5348593749999995 144000
1695869134956 0.5348593749999995 148000
1695869207382 0.5348593749999995 152000
1695869279475 0.5348593749999995 156000
1695869351716 0.5348593749999995 160000
1695869424135 0.8336932378162785 164000
1695869496339 0.7636932378162693 168000
1695869568759 0.7636932378162693 172000
1695869641038 0.7636932378162693 176000
1695869713267 0.7636932378162693 180000
1695869785753 0.7636932378162693 184000
1695869858451 0.7636932378162693 188000
1695869931131 0.7636932378162693 192000
1695870003469 0.7636932378162693 196000
1695870075994 0.7636932378162693 200000
1695870148229 0.7636932378162693 204000
1695870220355 1.2095057378162717 208000
1695870291153 1.0781562499999997 212000
1695870362908 1.0781562499999997 216000
1695870434827 1.0781562499999997 220000
1695870507351 0.7836932378162789 224000
1695870580458 0.7836932378162789 228000
1695870652934 0.7836932378162789 232000
1695870725309 0.7836932378162789 236000
1695870797456 0.7836932378162789 240000
1695870869765 0.7836932378162789 244000
1695870942211 0.7836932378162789 248000
1695871014773 0.7836932378162789 252000
1695871087050 0.7836932378162789 256000
1695871159231 0.43905000000007455 260000
1695871231653 0.43905000000007455 264000
1695871304303 0.43905000000007455 268000
