1695866460198 nan 4000
1695866539163 nan 8000
1695866617850 956.0 12000
1695866696087 1247.6 16000
1695866774271 1165.3636363636363 20000
1695866852755 1160.3846153846155 24000
1695866931570 1202.25 28000
1695867010433 1171.2727272727273 32000
1695867088954 1131.076923076923 36000
1695867167853 1136.25 40000
1695867246522 1104.2 44000
1695867324856 1109.0833333333333 48000
1695867398762 1095.1555555555556 52000
1695867471241 1083.804347826087 56000
1695867543708 1071.921568627451 60000
1695867616272 1072.1607142857142 64000
1695867688663 1052.8620689655172 68000
1695867761144 1033.203125 72000
1695867833644 1024.1764705882354 76000
1695867905965 1027.4594594594594 80000
1695867978642 1027.4594594594594 84000
1695868050942 1036.8333333333333 88000
1695868123168 1022.4772727272727 92000
1695868195385 1004.010989010989 96000
1695868267484 1000.5376344086021 100000
1695868339841 1013.62 104000
1695868412075 983.02 108000
1695868484254 962.26 112000
1695868556561 932.92 116000
1695868628833 896.62 120000
1695868701555 890.25 124000
1695868773894 864.55 128000
1695868846270 845.34 132000
1695868918301 828.43 136000
1695868990626 816.32 140000
1695869062727 785.25 144000
1695869134957 770.76 148000
1695869207383 763.22 152000
1695869279476 745.01 156000
1695869351717 719.43 160000
1695869424136 713.41 164000
1695869496340 685.43 168000
1695869568760 629.29 172000
1695869641040 589.01 176000
1695869713268 556.62 180000
1695869785754 510.55 184000
1695869858452 497.43 188000
1695869931132 463.95 192000
1695870003470 405.17 196000
1695870075995 402.53 200000
1695870148230 388.72 204000
1695870220356 385.03 208000
1695870291154 381.55 212000
1695870362909 378.67 216000
1695870434828 366.71 220000
1695870507352 370.86 224000
1695870580460 357.3 228000
1695870652936 382.98 232000
1695870725310 400.76 236000
1695870797458 372.92 240000
1695870869767 372.89 244000
1695870942212 381.67 248000
1695871014774 384.17 252000
1695871087051 391.93 256000
1695871159232 412.85 260000
1695871231655 407.16 264000
1695871304304 422.33 268000
