1695866460196 nan 4000
1695866539161 nan 8000
1695866617847 1.6718625000000007 12000
1695866696085 1.6718625000000007 16000
1695866774269 2.304378125000001 20000
1695866852754 2.304378125000001 24000
1695866931568 2.304378125000001 28000
1695867010431 2.304378125000001 32000
1695867088952 2.304378125000001 36000
1695867167852 2.305658605000008 40000
1695867246520 2.473130737816173 44000
1695867324855 2.473130737816173 48000
1695867398760 2.473130737816173 52000
1695867471239 2.473130737816173 56000
1695867543706 2.474552612816173 60000
1695867616271 2.521286987816174 64000
1695867688662 2.521286987816174 68000
1695867761142 2.911427612816169 72000
1695867833642 2.911427612816169 76000
1695867905963 2.911427612816169 80000
1695867978641 2.911427612816169 84000
1695868050941 2.911427612816169 88000
1695868123166 2.911427612816169 92000
1695868195383 2.911427612816169 96000
1695868267483 2.911427612816169 100000
1695868339840 2.911427612816169 104000
1695868412074 2.911427612816169 108000
1695868484252 2.911427612816169 112000
1695868556559 2.911427612816169 116000
1695868628831 2.911427612816169 120000
1695868701553 2.911427612816169 124000
1695868773892 2.911427612816169 128000
1695868846269 2.911427612816169 132000
1695868918300 2.911427612816169 136000
1695868990624 2.911427612816169 140000
1695869062726 2.911427612816169 144000
1695869134955 2.911427612816169 148000
1695869207381 2.9097557378161714 152000
1695869279475 2.9097557378161714 156000
1695869351716 2.91202136281617 160000
1695869424135 2.91202136281617 164000
1695869496338 2.91202136281617 168000
1695869568758 2.946978033544055 172000
1695869641038 2.946978033544055 176000
1695869713266 2.946978033544055 180000
1695869785752 2.946978033544055 184000
1695869858451 2.946978033544055 188000
1695869931131 2.946978033544055 192000
1695870003468 2.9501619878161707 196000
1695870075994 2.9501619878161707 200000
1695870148229 2.9501619878161707 204000
1695870220354 2.9501619878161707 208000
1695870291153 2.95136511281617 212000
1695870362907 2.95136511281617 216000
1695870434827 2.95136511281617 220000
1695870507350 2.95136511281617 224000
1695870580458 2.95136511281617 228000
1695870652934 2.95136511281617 232000
1695870725308 2.958505737815204 236000
1695870797456 2.97605261281617 240000
1695870869765 2.97605261281617 244000
1695870942210 2.97605261281617 248000
1695871014772 2.97605261281617 252000
1695871087049 2.97605261281617 256000
1695871159231 2.97605261281617 260000
1695871231653 2.97605261281617 264000
1695871304302 2.97605261281617 268000
