1695866460199 0.0 4000
1695866539163 0.0 8000
1695866617850 1.0 12000
1695866696087 9.0 16000
1695866774271 1.0 20000
1695866852756 2.0 24000
1695866931571 7.0 28000
1695867010433 2.0 32000
1695867088955 4.0 36000
1695867167854 6.0 40000
1695867246522 3.0 44000
1695867324857 1.0 48000
1695867398762 9.0 52000
1695867471241 1.0 56000
1695867543709 5.0 60000
1695867616273 5.0 64000
1695867688664 2.0 68000
1695867761145 6.0 72000
1695867833644 4.0 76000
1695867905966 6.0 80000
1695867978643 0.0 84000
1695868050943 4.0 88000
1695868123169 10.0 92000
1695868195386 3.0 96000
1695868267485 2.0 100000
1695868339842 7.0 104000
1695868412076 5.0 108000
1695868484255 3.0 112000
1695868556561 8.0 116000
1695868628833 5.0 120000
1695868701555 6.0 124000
1695868773894 6.0 128000
1695868846271 4.0 132000
1695868918302 6.0 136000
1695868990627 7.0 140000
1695869062728 8.0 144000
1695869134958 5.0 148000
1695869207383 5.0 152000
1695869279477 7.0 156000
1695869351718 6.0 160000
1695869424137 5.0 164000
1695869496340 10.0 168000
1695869568760 11.0 172000
1695869641040 14.0 176000
1695869713269 7.0 180000
1695869785754 13.0 184000
1695869858453 9.0 188000
1695869931133 11.0 192000
1695870003470 14.0 196000
1695870075996 5.0 200000
1695870148231 10.0 204000
1695870220356 13.0 208000
1695870291155 10.0 212000
1695870362910 13.0 216000
1695870434829 11.0 220000
1695870507352 10.0 224000
1695870580460 9.0 228000
1695870652936 9.0 232000
1695870725310 10.0 236000
1695870797458 10.0 240000
1695870869767 10.0 244000
1695870942212 11.0 248000
1695871014774 7.0 252000
1695871087052 10.0 256000
1695871159233 16.0 260000
1695871231655 7.0 264000
1695871304305 3.0 268000
