1695866460200 0.0 4000
1695866539164 0.0 8000
1695866617851 0.0 12000
1695866696088 0.0 16000
1695866774272 0.0 20000
1695866852756 0.0 24000
1695866931571 0.0 28000
1695867010434 0.0 32000
1695867088955 0.0 36000
1695867167854 0.0 40000
1695867246523 0.0 44000
1695867324858 0.0 48000
1695867398763 0.0 52000
1695867471242 0.0 56000
1695867543709 0.0 60000
1695867616273 0.0 64000
1695867688664 0.0 68000
1695867761145 0.0 72000
1695867833645 0.0 76000
1695867905966 0.0 80000
1695867978643 0.0 84000
1695868050943 0.0 88000
1695868123169 0.0 92000
1695868195386 0.0 96000
1695868267485 0.0 100000
1695868339842 0.0 104000
1695868412076 0.0 108000
1695868484255 0.0 112000
1695868556562 0.0 116000
1695868628834 0.0 120000
1695868701556 0.0 124000
1695868773895 0.0 128000
1695868846272 0.0 132000
1695868918302 0.0 136000
1695868990627 0.0 140000
1695869062728 0.0 144000
1695869134958 0.0 148000
1695869207384 0.0 152000
1695869279478 0.0 156000
1695869351719 0.0 160000
1695869424137 0.0 164000
1695869496341 0.0 168000
1695869568761 0.0 172000
1695869641041 0.0 176000
1695869713269 0.0 180000
1695869785755 0.0 184000
1695869858453 0.0 188000
1695869931133 0.0 192000
1695870003471 0.0 196000
1695870075996 0.0 200000
1695870148231 0.0 204000
1695870220357 0.0 208000
1695870291156 0.0 212000
1695870362910 0.0 216000
1695870434829 0.0 220000
1695870507353 0.0 224000
1695870580461 0.0 228000
1695870652937 0.0 232000
1695870725311 0.0 236000
1695870797459 0.0 240000
1695870869768 0.0 244000
1695870942213 0.0 248000
1695871014775 0.0 252000
1695871087052 0.0 256000
1695871159234 0.0 260000
1695871231656 0.0 264000
1695871304305 0.0 268000
