1695863976025 0.0 4000
1695864053913 0.0 8000
1695864131991 0.0 12000
1695864210367 0.0 16000
1695864289237 0.0 20000
1695864367989 0.0 24000
1695864446649 0.0 28000
1695864524977 0.0 32000
1695864603052 0.0 36000
1695864681345 0.0 40000
1695864759826 0.0 44000
1695864838389 0.0 48000
1695864917206 0.0 52000
1695864995664 0.0 56000
1695865073889 0.0 60000
1695865152259 0.0 64000
1695865230462 0.0 68000
1695865308731 0.0 72000
1695865386834 0.0 76000
1695865465455 0.0 80000
1695865543629 0.0 84000
1695865622177 0.0 88000
1695865700548 0.0 92000
1695865778986 0.0 96000
1695865857332 0.0 100000
1695865935684 0.0 104000
1695866013989 0.0 108000
1695866092414 0.0 112000
1695866170777 0.0 116000
1695866249456 0.0 120000
