1695863976026 5.0000000000000016e-05 4000
1695864053915 5.0000000000000016e-05 8000
1695864131992 5.0000000000000016e-05 12000
1695864210368 5.0000000000000016e-05 16000
1695864289239 5.0000000000000016e-05 20000
1695864367990 5.0000000000000016e-05 24000
1695864446650 5.0000000000000016e-05 28000
1695864524979 5.0000000000000016e-05 32000
1695864603053 5.0000000000000016e-05 36000
1695864681346 5.0000000000000016e-05 40000
1695864759827 5.0000000000000016e-05 44000
1695864838390 5.0000000000000016e-05 48000
1695864917207 5.0000000000000016e-05 52000
1695864995665 5.0000000000000016e-05 56000
1695865073890 5.0000000000000016e-05 60000
1695865152260 5.0000000000000016e-05 64000
1695865230463 5.0000000000000016e-05 68000
1695865308732 5.0000000000000016e-05 72000
1695865386835 5.0000000000000016e-05 76000
1695865465456 5.0000000000000016e-05 80000
1695865543630 5.0000000000000016e-05 84000
1695865622178 5.0000000000000016e-05 88000
1695865700549 5.0000000000000016e-05 92000
1695865778987 5.0000000000000016e-05 96000
1695865857334 5.0000000000000016e-05 100000
1695865935686 5.0000000000000016e-05 104000
1695866013990 5.0000000000000016e-05 108000
1695866092415 5.0000000000000016e-05 112000
1695866170778 5.0000000000000016e-05 116000
1695866249457 5.0000000000000016e-05 120000
