1695863976026 0.20000000000000004 4000
1695864053914 0.20000000000000004 8000
1695864131991 0.20000000000000004 12000
1695864210367 0.20000000000000004 16000
1695864289238 0.20000000000000004 20000
1695864367990 0.20000000000000004 24000
1695864446650 0.20000000000000004 28000
1695864524978 0.20000000000000004 32000
1695864603052 0.20000000000000004 36000
1695864681346 0.20000000000000004 40000
1695864759827 0.20000000000000004 44000
1695864838390 0.20000000000000004 48000
1695864917207 0.20000000000000004 52000
1695864995665 0.20000000000000004 56000
1695865073890 0.20000000000000004 60000
1695865152259 0.20000000000000004 64000
1695865230463 0.20000000000000004 68000
1695865308732 0.20000000000000004 72000
1695865386835 0.20000000000000004 76000
1695865465456 0.20000000000000004 80000
1695865543630 0.20000000000000004 84000
1695865622177 0.20000000000000004 88000
1695865700548 0.20000000000000004 92000
1695865778987 0.20000000000000004 96000
1695865857333 0.20000000000000004 100000
1695865935685 0.20000000000000004 104000
1695866013989 0.20000000000000004 108000
1695866092415 0.20000000000000004 112000
1695866170778 0.20000000000000004 116000
1695866249456 0.20000000000000004 120000
