1695863976029 1.9332967643936476 4000
1695864053918 1.9083665659030278 8000
1695864131994 1.880274926746885 12000
1695864210370 1.8632177629818518 16000
1695864289242 1.8312634829431773 20000
1695864367993 1.8200757848719755 24000
1695864446652 1.790192220856746 28000
1695864524981 1.7864794238160053 32000
1695864603055 1.7640646615376074 36000
1695864681349 1.7496498619516692 40000
1695864759829 1.731108804171284 44000
1695864838393 1.744526235635082 48000
1695864917210 1.6919325475891431 52000
1695864995667 1.6376475653300682 56000
1695865073892 1.613462803636988 60000
1695865152262 1.6759983288745086 64000
1695865230466 1.5742262691259383 68000
1695865308734 1.5109643953541914 72000
1695865386838 1.5733713877697786 76000
1695865465459 1.4885460047672192 80000
1695865543633 1.488911897689104 84000
1695865622180 1.4904072294632593 88000
1695865700551 1.4477877708772817 92000
1695865778990 1.5054528548071782 96000
1695865857337 1.4683336642881235 100000
1695865935688 1.3688172299414874 104000
1695866013992 1.2864165998995305 108000
1695866092417 1.2446912518392006 112000
1695866170780 1.3719299296538034 116000
1695866249459 1.3681775690366824 120000
