1695863976030 0.0010000000000000005 4000
1695864053918 0.0010000000000000005 8000
1695864131995 0.0010000000000000005 12000
1695864210371 0.0010000000000000005 16000
1695864289242 0.0010000000000000005 20000
1695864367993 0.0010000000000000005 24000
1695864446653 0.0010000000000000005 28000
1695864524981 0.0010000000000000005 32000
1695864603056 0.0010000000000000005 36000
1695864681349 0.0010000000000000005 40000
1695864759830 0.0010000000000000005 44000
1695864838393 0.0010000000000000005 48000
1695864917210 0.0010000000000000005 52000
1695864995668 0.0010000000000000005 56000
1695865073893 0.0010000000000000005 60000
1695865152263 0.0010000000000000005 64000
1695865230466 0.0010000000000000005 68000
1695865308735 0.0010000000000000005 72000
1695865386838 0.0010000000000000005 76000
1695865465459 0.0010000000000000005 80000
1695865543633 0.0010000000000000005 84000
1695865622181 0.0010000000000000005 88000
1695865700552 0.0010000000000000005 92000
1695865778990 0.0010000000000000005 96000
1695865857338 0.0010000000000000005 100000
1695865935688 0.0010000000000000005 104000
1695866013993 0.0010000000000000005 108000
1695866092417 0.0010000000000000005 112000
1695866170781 0.0010000000000000005 116000
1695866249460 0.0010000000000000005 120000
