1695863976025 0.6632112107239664 4000
1695864053913 0.763577225835373 8000
1695864131991 0.905914714653045 12000
1695864210367 1.0089762178560098 16000
1695864289238 1.115384993640085 20000
1695864367989 1.0938629254698753 24000
1695864446649 1.2097766501829028 28000
1695864524978 1.249275906663388 32000
1695864603052 1.2490966878831387 36000
1695864681345 1.3349977309505145 40000
1695864759826 1.3249874410529932 44000
1695864838389 1.3727202914034327 48000
1695864917206 1.353090239316225 52000
1695864995664 1.3747378905614218 56000
1695865073889 1.3442280300582448 60000
1695865152259 1.3495472493891916 64000
1695865230463 1.4192230748012662 68000
1695865308731 1.394981598543624 72000
1695865386835 1.4085031473388274 76000
1695865465456 1.5225312922770777 80000
1695865543630 1.4466570514564714 84000
1695865622177 1.5019441806711256 88000
1695865700548 1.4354678807159265 92000
1695865778986 1.4617104592422645 96000
1695865857333 1.4215530180682738 100000
1695865935685 1.479490403085947 104000
1695866013989 1.4362466253340245 108000
1695866092414 1.205849626318862 112000
1695866170777 1.4592564846078555 116000
1695866249456 1.4651429693214595 120000
