1695863976029 0.012800025057941726 4000
1695864053917 0.014751484146364114 8000
1695864131994 0.01206715949898675 12000
1695864210370 0.014013779905143527 16000
1695864289241 0.012014583883740337 20000
1695864367992 0.009023496550320326 24000
1695864446652 0.01404106458295633 28000
1695864524980 0.01462239184812499 32000
1695864603055 0.014052936595857091 36000
1695864681348 0.012555405785080031 40000
1695864759829 0.0066359679009279195 44000
1695864838392 0.014427418218390269 48000
1695864917209 0.012210379938323034 52000
1695864995667 0.01122890654602268 56000
1695865073892 0.01115096682590904 60000
1695865152262 0.011958845745455922 64000
1695865230465 0.013529689598551728 68000
1695865308734 0.010123184501404274 72000
1695865386837 0.011608938162026542 76000
1695865465459 0.01082918685281956 80000
1695865543632 0.009510885910920782 84000
1695865622180 0.008707593161444534 88000
1695865700551 0.009960856547908478 92000
1695865778989 0.010169473447444037 96000
1695865857337 0.00957474757554408 100000
1695865935687 0.012543190943270159 104000
1695866013992 0.010920562725705843 108000
1695866092417 0.0053924824412941216 112000
1695866170780 0.008157633513788764 116000
1695866249459 0.009106031400302993 120000
