1695863976027 -0.016290238596169123 4000
1695864053916 -0.018857778936702138 8000
1695864131993 -0.01682009027135791 12000
1695864210369 -0.0241057122242637 16000
1695864289240 -0.01770421550027095 20000
1695864367991 -0.014576479067666999 24000
1695864446651 -0.026241210321798766 28000
1695864524979 -0.018577666812537547 32000
1695864603053 -0.018499078795624277 36000
1695864681347 -0.022397683454619254 40000
1695864759828 -0.01296216888416287 44000
1695864838391 -0.022480439059533334 48000
1695864917208 -0.017599639828161647 52000
1695864995666 -0.01775551822744698 56000
1695865073891 -0.012881569747696631 60000
1695865152261 -0.022017069956442963 64000
1695865230464 -0.02045486509014154 68000
1695865308733 -0.0199436241867564 72000
1695865386836 -0.024592014585020177 76000
1695865465457 -0.017956244832263716 80000
1695865543631 -0.015319298910617363 84000
1695865622179 -0.013043605363054666 88000
1695865700550 -0.015727432389879444 92000
1695865778988 -0.019851686376690245 96000
1695865857335 -0.013801734814963613 100000
1695865935686 -0.018576007298058052 104000
1695866013990 -0.01584604736029481 108000
1695866092416 -0.010387466521691143 112000
1695866170779 -0.014500831080658827 116000
1695866249458 -0.017084872820608627 120000
