1695863976027 9.347577870357781e-05 4000
1695864053915 -0.010776210785237102 8000
1695864131992 -0.015197222367593593 12000
1695864210368 -0.016158376950625098 16000
1695864289239 -0.010523184123151926 20000
1695864367990 -0.013359981391658948 24000
1695864446650 -0.013993750256850035 28000
1695864524979 -0.01067300494760275 32000
1695864603053 -0.016781941509907482 36000
1695864681347 -0.006244392097808789 40000
1695864759827 -0.008069031660913122 44000
1695864838391 -0.02052039409045392 48000
1695864917207 -0.008384925201971783 52000
1695864995665 -0.007155331085596117 56000
1695865073891 -0.007293982558864324 60000
1695865152260 -0.018112750777921367 64000
1695865230464 -0.010229468631951021 68000
1695865308733 -0.01710971282263927 72000
1695865386836 -0.019891230037834853 76000
1695865465457 -0.005160739997093818 80000
1695865543631 -0.012588146650705312 84000
1695865622178 -0.005610472571909971 88000
1695865700549 -0.0028051500590663635 92000
1695865778987 -0.017304186329541456 96000
1695865857334 -0.009520415504812262 100000
1695865935686 -0.006014713221763183 104000
1695866013990 -0.013920859556431726 108000
1695866092415 -0.0068206549579069055 112000
1695866170778 -0.010655881859869017 116000
1695866249457 -0.011402004668707378 120000
