1695863976028 0.01211608313024044 4000
1695864053917 0.24790654350072144 8000
1695864131993 -0.8404416571060817 12000
1695864210369 0.31239236375937857 16000
1695864289241 0.48820076771080495 20000
1695864367992 0.3152041339625915 24000
1695864446652 0.5896806423241894 28000
1695864524980 0.2336161745712161 32000
1695864603054 0.016650747631986935 36000
1695864681348 0.5298414837568999 40000
1695864759829 0.3848306895544132 44000
1695864838392 0.03374449238181114 48000
1695864917209 0.5859541672592362 52000
1695864995667 0.30889232382178305 56000
1695865073892 0.08997431211173534 60000
1695865152262 0.6758426696062088 64000
1695865230465 0.6491088063766559 68000
1695865308734 0.43063189772268134 72000
1695865386837 0.7281312649448712 76000
1695865465458 0.7249563108508785 80000
1695865543632 0.7526228804141283 84000
1695865622179 0.43534529209136963 88000
1695865700550 0.714179762514929 92000
1695865778989 0.7644858363394936 96000
1695865857336 0.611030798094968 100000
1695865935687 0.7101118963211774 104000
1695866013991 0.6400845978409052 108000
1695866092416 0.7154285239676634 112000
1695866170780 0.8474643825242917 116000
1695866249458 0.3858935289705793 120000
