1695863976028 0.031514012843642074 4000
1695864053916 0.014079276036742765 8000
1695864131993 0.0021794221026235996 12000
1695864210369 0.014015594498778228 16000
1695864289240 0.013218757223027448 20000
1695864367991 0.0024637495173616725 24000
1695864446651 0.02245887870279451 28000
1695864524980 0.013533325431975147 32000
1695864603054 0.0013412291483291482 36000
1695864681348 0.03078372075591081 40000
1695864759828 0.010594105136260624 44000
1695864838392 0.0016381753972988615 48000
1695864917208 0.016929142497004553 52000
1695864995666 0.019984108332816202 56000
1695865073891 0.009941713421236878 60000
1695865152261 0.0063770956352527716 64000
1695865230464 0.01818736861750949 68000
1695865308733 0.004640478212968447 72000
1695865386837 0.007904736558339209 76000
1695865465458 0.024236427075326597 80000
1695865543632 0.004635773987865832 84000
1695865622179 0.014364043958873177 88000
1695865700550 0.02475579541254168 92000
1695865778988 0.004038115992201104 96000
1695865857335 0.007669407731858276 100000
1695865935687 0.02284294515605628 104000
1695866013991 0.002054982462626261 108000
1695866092416 0.0074660127444682685 112000
1695866170779 0.007170706175020314 116000
1695866249458 0.010459680414836232 120000
