1695866460206 4000.0 4000
1695866539168 8000.0 8000
1695866617867 12000.0 12000
1695866696099 16000.0 16000
1695866774282 20000.0 20000
1695866852767 24000.0 24000
1695866931583 28000.0 28000
1695867010446 32000.0 32000
1695867088966 36000.0 36000
1695867167865 40000.0 40000
1695867246534 44000.0 44000
1695867324868 48000.0 48000
1695867398774 52000.0 52000
1695867471253 56000.0 56000
1695867543720 60000.0 60000
1695867616284 64000.0 64000
1695867688677 68000.0 68000
1695867761157 72000.0 72000
1695867833656 76000.0 76000
1695867905978 80000.0 80000
1695867978656 84000.0 84000
1695868050955 88000.0 88000
1695868123183 92000.0 92000
1695868195398 96000.0 96000
1695868267496 100000.0 100000
1695868339853 104000.0 104000
1695868412088 108000.0 108000
1695868484266 112000.0 112000
1695868556574 116000.0 116000
1695868628845 120000.0 120000
1695868701567 124000.0 124000
1695868773906 128000.0 128000
1695868846284 132000.0 132000
1695868918315 136000.0 136000
1695868990639 140000.0 140000
1695869062739 144000.0 144000
1695869134971 148000.0 148000
1695869207395 152000.0 152000
1695869279489 156000.0 156000
1695869351731 160000.0 160000
1695869424149 164000.0 164000
1695869496353 168000.0 168000
1695869568772 172000.0 172000
1695869641053 176000.0 176000
1695869713280 180000.0 180000
1695869785766 184000.0 184000
1695869858464 188000.0 188000
1695869931144 192000.0 192000
1695870003482 196000.0 196000
1695870076008 200000.0 200000
1695870148242 204000.0 204000
1695870220367 208000.0 208000
1695870291168 212000.0 212000
1695870362922 216000.0 216000
1695870434842 220000.0 220000
1695870507365 224000.0 224000
1695870580473 228000.0 228000
1695870652949 232000.0 232000
1695870725322 236000.0 236000
1695870797470 240000.0 240000
1695870869780 244000.0 244000
1695870942225 248000.0 248000
1695871014786 252000.0 252000
1695871087064 256000.0 256000
1695871159245 260000.0 260000
1695871231668 264000.0 264000
1695871304317 268000.0 268000
