1695862722145 35.97636363636364 4000
1695862798917 36.141284403669715 8000
1695862876053 34.99454545454545 12000
1695862953960 34.605405405405406 16000
1695863032403 35.30990990990991 20000
1695863111941 39.75132743362832 24000
1695863190555 37.800000000000004 28000
1695863268888 35.62072072072072 32000
1695863347239 35.4375 36000
1695863425496 35.15495495495495 40000
1695863503495 35.082882882882885 44000
1695863582113 35.03660714285714 48000
1695863661846 37.65309734513275 52000
1695863740540 36.24464285714286 56000
