1695862722146 30.49363636363636 4000
1695862798918 30.52110091743119 8000
1695862876053 30.384545454545467 12000
1695862953961 30.408108108108124 16000
1695863032404 30.499099099099105 20000
1695863111941 30.768141592920355 24000
1695863190555 30.788392857142867 28000
1695863268888 30.796396396396386 32000
1695863347239 30.88482142857143 36000
1695863425497 30.86756756756756 40000
1695863503495 30.90270270270272 44000
1695863582113 31.02142857142857 48000
1695863661847 31.20176991150442 52000
1695863740541 31.10803571428571 56000
