1695866460277 36.1981981981982 4000
1695866539216 34.02035398230089 8000
1695866617921 37.215315315315316 12000
1695866696146 35.48482142857143 16000
1695866774328 35.309909909909905 20000
1695866852818 37.26607142857143 24000
1695866931628 35.60982142857143 28000
1695867010497 36.36785714285714 32000
1695867089011 35.296396396396396 36000
1695867167911 34.39026548672567 40000
1695867246584 35.12792792792793 44000
1695867324919 35.65446428571429 48000
1695867398822 36.46666666666667 52000
1695867471306 36.80776699029126 56000
1695867543768 37.193203883495144 60000
1695867616334 36.72330097087379 64000
1695867688726 37.012621359223296 68000
1695867761206 37.064077669902915 72000
1695867833707 37.78446601941747 76000
1695867906024 36.080582524271854 80000
1695867978708 37.591262135922335 84000
1695868051004 37.478640776699024 88000
1695868123242 40.977669902912616 92000
1695868195451 36.59320388349515 96000
1695868267549 37.770588235294106 100000
1695868339903 36.636893203883496 104000
1695868412137 36.570873786407766 108000
1695868484314 35.97156862745098 112000
1695868556628 36.32135922330097 116000
1695868628896 37.53495145631068 120000
1695868701618 36.60485436893204 124000
1695868773957 36.62912621359224 128000
1695868846338 36.59126213592233 132000
1695868918368 36.02352941176471 136000
1695868990687 36.877669902912615 140000
1695869062789 36.616504854368934 144000
1695869135022 38.356310679611646 148000
1695869207449 37.18932038834952 152000
1695869279537 36.36078431372549 156000
1695869351784 37.02135922330097 160000
1695869424199 36.708737864077676 164000
1695869496404 36.866019417475734 168000
1695869568824 35.98627450980391 172000
1695869641106 36.900970873786406 176000
1695869713333 36.57961165048544 180000
1695869785818 38.22524271844661 184000
1695869858516 38.97864077669903 188000
1695869931197 39.24519230769231 192000
1695870003535 38.04368932038835 196000
1695870076060 37.91844660194175 200000
1695870148291 37.03333333333334 204000
1695870220417 37.592233009708735 208000
1695870291221 41.81287128712871 212000
1695870362969 39.30980392156863 216000
1695870434892 44.46176470588236 220000
1695870507418 48.56893203883495 224000
1695870580527 41.16250000000001 228000
1695870653004 37.491262135922334 232000
1695870725374 36.831067961165054 236000
1695870797521 36.56764705882353 240000
1695870869834 36.15825242718447 244000
1695870942276 37.94271844660194 248000
1695871014834 38.36893203883495 252000
1695871087111 36.826213592233 256000
1695871159298 37.57669902912622 260000
1695871231720 37.78349514563107 264000
1695871304371 38.21844660194174 268000
