1695866460278 31.37927927927929 4000
1695866539217 31.409734513274337 8000
1695866617922 31.507207207207216 12000
1695866696147 31.32767857142857 16000
1695866774329 31.39189189189188 20000
1695866852819 31.623214285714287 24000
1695866931629 31.695535714285718 28000
1695867010498 31.74285714285715 32000
1695867089012 31.841441441441454 36000
1695867167912 31.855752212389387 40000
1695867246585 31.885585585585584 44000
1695867324919 31.797321428571426 48000
1695867398823 31.8552380952381 52000
1695867471306 31.824271844660196 56000
1695867543769 31.809708737864074 60000
1695867616335 31.76601941747573 64000
1695867688727 31.785436893203876 68000
1695867761207 31.886407766990303 72000
1695867833708 32.11067961165049 76000
1695867906025 32.17766990291262 80000
1695867978708 32.31553398058253 84000
1695868051005 32.47184466019417 88000
1695868123242 32.45145631067963 92000
1695868195452 32.39029126213592 96000
1695868267549 32.51078431372549 100000
1695868339904 32.571844660194174 104000
1695868412138 32.50679611650485 108000
1695868484315 32.45784313725491 112000
1695868556628 32.4990291262136 116000
1695868628896 32.493203883495156 120000
1695868701618 32.59805825242718 124000
1695868773958 32.630097087378644 128000
1695868846338 32.689320388349515 132000
1695868918369 32.75490196078431 136000
1695868990688 32.737864077669904 140000
1695869062789 32.7990291262136 144000
1695869135023 32.960194174757284 148000
1695869207450 32.919417475728174 152000
1695869279538 32.91176470588234 156000
1695869351784 32.92330097087378 160000
1695869424200 32.9990291262136 164000
1695869496404 33.02427184466019 168000
1695869568825 33.03823529411765 172000
1695869641107 33.05242718446602 176000
1695869713333 33.08349514563107 180000
1695869785818 33.20194174757281 184000
1695869858516 33.373786407767 188000
1695869931197 33.40865384615385 192000
1695870003536 33.49126213592234 196000
1695870076060 33.4621359223301 200000
1695870148292 33.380392156862726 204000
1695870220418 33.36699029126215 208000
1695870291221 33.38613861386139 212000
1695870362969 33.54411764705882 216000
1695870434893 33.71568627450981 220000
1695870507418 34.8359223300971 224000
1695870580527 35.20096153846154 228000
1695870653005 35.60388349514563 232000
1695870725374 35.560194174757285 236000
1695870797522 35.63627450980392 240000
1695870869834 35.599999999999994 244000
1695870942276 35.709708737864084 248000
1695871014835 35.75631067961165 252000
1695871087111 35.85242718446601 256000
1695871159299 35.90776699029125 260000
1695871231720 35.86601941747573 264000
1695871304371 36.15145631067961 268000
