1695866460313 2.0 4000
1695866539247 2.0 8000
1695866617974 2.0 12000
1695866696197 2.0 16000
1695866774380 2.0 20000
1695866852864 2.0 24000
1695866931680 2.0 28000
1695867010548 2.0 32000
1695867089060 2.0 36000
1695867167963 2.0 40000
1695867246632 2.0 44000
1695867324969 2.0 48000
1695867398875 2.0 52000
1695867471352 2.0 56000
1695867543826 2.0 60000
1695867616383 2.0 64000
1695867688772 2.0 68000
1695867761253 2.0 72000
1695867833755 2.0 76000
1695867906079 2.0 80000
1695867978753 2.0 84000
1695868051054 2.0 88000
1695868123293 2.0 92000
1695868195498 2.0 96000
1695868267600 2.0 100000
1695868339951 2.0 104000
1695868412190 2.0 108000
1695868484368 2.0 112000
1695868556674 2.0 116000
1695868628945 2.0 120000
1695868701669 2.0 124000
1695868774007 2.0 128000
1695868846384 2.0 132000
1695868918420 2.0 136000
1695868990742 2.0 140000
1695869062835 2.0 144000
1695869135068 2.0 148000
1695869207500 2.0 152000
1695869279586 2.0 156000
1695869351836 2.0 160000
1695869424247 2.0 164000
1695869496450 2.0 168000
1695869568874 2.0 172000
1695869641158 2.0 176000
1695869713386 2.0 180000
1695869785868 2.0 184000
1695869858566 2.0 188000
1695869931244 2.0 192000
1695870003586 2.0 196000
1695870076110 2.0 200000
1695870148342 2.0 204000
1695870220466 2.0 208000
1695870291267 2.0 212000
1695870363016 2.0 216000
1695870434939 2.0 220000
1695870507464 2.0 224000
1695870580573 2.0 228000
1695870653063 2.0 232000
1695870725423 2.0 236000
1695870797569 2.0 240000
1695870869880 2.0 244000
1695870942323 2.0 248000
1695871014887 2.0 252000
1695871087164 2.0 256000
1695871159347 2.0 260000
1695871231766 2.0 264000
1695871304416 2.0 268000
