1695863976041 2.0 4000
1695864053928 2.0 8000
1695864132002 2.0 12000
1695864210379 2.0 16000
1695864289251 2.0 20000
1695864368002 2.0 24000
1695864446661 2.0 28000
1695864524990 2.0 32000
1695864603064 2.0 36000
1695864681357 2.0 40000
1695864759838 2.0 44000
1695864838402 2.0 48000
1695864917219 2.0 52000
1695864995676 2.0 56000
1695865073901 2.0 60000
1695865152271 2.0 64000
1695865230473 2.0 68000
1695865308742 2.0 72000
1695865386847 2.0 76000
1695865465468 2.0 80000
1695865543640 2.0 84000
1695865622189 2.0 88000
1695865700561 2.0 92000
1695865778999 2.0 96000
1695865857348 2.0 100000
1695865935696 2.0 104000
1695866014001 2.0 108000
1695866092425 2.0 112000
1695866170790 2.0 116000
1695866249467 2.0 120000
