1695866617861 0.021946430206298828 12000
1695866696094 0.02010941505432129 16000
1695866774278 0.020257993177934128 20000
1695866852762 0.02020872556246244 24000
1695866931578 0.020227432250976562 28000
1695867010441 0.02113905819979581 32000
1695867088962 0.021431537774892952 36000
1695867167861 0.02123601734638214 40000
1695867246529 0.021224362509591237 44000
1695867324864 0.02122289604610867 48000
1695867398769 0.021524959140353732 52000
1695867471248 0.021444455437038257 56000
1695867543716 0.02100350810032265 60000
1695867616280 0.020888234887804304 64000
1695867688671 0.02073316738523286 68000
1695867761152 0.020487233996391296 72000
1695867833651 0.020241737365722656 76000
1695867905973 0.019950963355399465 80000
1695867978650 0.019950963355399465 84000
1695868050950 0.019926749742948092 88000
1695868123178 0.02001930366862904 92000
1695868195393 0.019915025312821945 96000
1695868267492 0.01985911400087418 100000
1695868339849 0.019753336906433105 104000
1695868412083 0.01957833766937256 108000
1695868484262 0.019581198692321777 112000
1695868556569 0.01949012279510498 116000
1695868628840 0.0192415714263916 120000
1695868701562 0.018902301788330078 124000
1695868773901 0.018835783004760742 128000
1695868846279 0.018739819526672363 132000
1695868918310 0.018389105796813965 136000
1695868990634 0.018433094024658203 140000
1695869062734 0.01831662654876709 144000
1695869134965 0.018265247344970703 148000
1695869207390 0.01833951473236084 152000
1695869279484 0.018338680267333984 156000
1695869351726 0.018187880516052246 160000
1695869424144 0.01811361312866211 164000
1695869496348 0.017990469932556152 168000
1695869568767 0.018003463745117188 172000
1695869641049 0.01782548427581787 176000
1695869713275 0.017824292182922363 180000
1695869785761 0.01777172088623047 184000
1695869858459 0.01782989501953125 188000
1695869931139 0.01799154281616211 192000
1695870003477 0.018122196197509766 196000
1695870076003 0.01802659034729004 200000
1695870148238 0.018186450004577637 204000
1695870220363 0.017978429794311523 208000
1695870291163 0.01788961887359619 212000
1695870362917 0.017788410186767578 216000
1695870434837 0.018252968788146973 220000
1695870507360 0.018443703651428223 224000
1695870580468 0.018430352210998535 228000
1695870652944 0.01856386661529541 232000
1695870725317 0.018497228622436523 236000
1695870797465 0.018393993377685547 240000
1695870869775 0.0184096097946167 244000
1695870942220 0.018651127815246582 248000
1695871014782 0.01886904239654541 252000
1695871087059 0.019006848335266113 256000
1695871159241 0.01857459545135498 260000
1695871231663 0.018402457237243652 264000
1695871304312 0.018344402313232422 268000
