1695866617862 0.0016808509826660156 12000
1695866696095 0.0016367435455322266 16000
1695866774279 0.001625581221147017 20000
1695866852763 0.0016038234417255109 24000
1695866931578 0.001640915870666504 28000
1695867010441 0.0016391277313232422 32000
1695867088962 0.0016239973214956431 36000
1695867167861 0.0016041100025177002 40000
1695867246530 0.0016164779663085938 44000
1695867324864 0.0016328361299302843 48000
1695867398770 0.0016506512959798176 52000
1695867471249 0.0016489754552426546 56000
1695867543716 0.0016214800815956265 60000
1695867616280 0.0016048550605773926 64000
1695867688672 0.0015994598125589304 68000
1695867761153 0.0015756115317344666 72000
1695867833652 0.001568128080929027 76000
1695867905973 0.0015576143522520324 80000
1695867978651 0.0015576143522520324 84000
1695868050951 0.0015512490883851664 88000
1695868123178 0.0015413219278508966 92000
1695868195394 0.0015328218648721884 96000
1695868267492 0.0015344671023789272 100000
1695868339849 0.0015395879745483398 104000
1695868412084 0.0015305280685424805 108000
1695868484262 0.0015320777893066406 112000
1695868556570 0.00151824951171875 116000
1695868628840 0.0015090703964233398 120000
1695868701563 0.0015054941177368164 124000
1695868773902 0.0014934539794921875 128000
1695868846279 0.0014802217483520508 132000
1695868918310 0.001462697982788086 136000
1695868990635 0.0014630556106567383 140000
1695869062735 0.0014629364013671875 144000
1695869134966 0.001462697982788086 148000
1695869207391 0.0014653205871582031 152000
1695869279484 0.0014611482620239258 156000
1695869351726 0.0014563798904418945 160000
1695869424144 0.0014622211456298828 164000
1695869496348 0.0014488697052001953 168000
1695869568767 0.0014361143112182617 172000
1695869641049 0.001427292823791504 176000
1695869713276 0.0014259815216064453 180000
1695869785762 0.0014241933822631836 184000
1695869858460 0.0014352798461914062 188000
1695869931140 0.001443624496459961 192000
1695870003478 0.0014532804489135742 196000
1695870076003 0.001454472541809082 200000
1695870148238 0.0014609098434448242 204000
1695870220363 0.001455068588256836 208000
1695870291163 0.0014443397521972656 212000
1695870362918 0.0014450550079345703 216000
1695870434837 0.0014671087265014648 220000
1695870507361 0.0014579296112060547 224000
1695870580468 0.0014505386352539062 228000
1695870652944 0.0014522075653076172 232000
1695870725318 0.0014511346817016602 236000
1695870797466 0.0014458894729614258 240000
1695870869776 0.0014455318450927734 244000
1695870942220 0.001447916030883789 248000
1695871014782 0.001461029052734375 252000
1695871087059 0.0014655590057373047 256000
1695871159241 0.0014510154724121094 260000
1695871231663 0.001456141471862793 264000
1695871304313 0.0014537572860717773 268000
