1695863975950 68413.151 4000
1695864053827 68700.222 8000
1695864131927 68802.902 12000
1695864210279 68869.181 16000
1695864289162 68995.903 20000
1695864367911 69040.984 24000
1695864446574 69042.102 28000
1695864524899 69031.802 32000
1695864602977 69000.566 36000
1695864681266 68994.75 40000
1695864759750 69067.016 44000
1695864838308 69090.167 48000
1695864917121 69116.332 52000
1695864995587 69115.666 56000
1695865073813 69053.454 60000
1695865152184 69026.691 64000
1695865230384 69006.886 68000
1695865308650 69002.76 72000
1695865386756 69004.429 76000
1695865465380 69035.471 80000
1695865543552 69002.887 84000
1695865622103 68996.605 88000
1695865700469 68967.919 92000
1695865778909 68968.549 96000
1695865857245 68978.335 100000
1695865935603 68976.597 104000
1695866013912 68984.691 108000
1695866092332 68985.607 112000
1695866170703 68999.804 116000
1695866249380 68999.159 120000
