1695863975950 58.468 4000
1695864053827 58.224 8000
1695864131927 58.137 12000
1695864210280 58.081 16000
1695864289163 57.974 20000
1695864367911 57.937 24000
1695864446574 57.936 28000
1695864524900 57.944 32000
1695864602977 57.971 36000
1695864681267 57.975 40000
1695864759751 57.915 44000
1695864838308 57.895 48000
1695864917121 57.873 52000
1695864995587 57.874 56000
1695865073813 57.926 60000
1695865152185 57.949 64000
1695865230384 57.965 68000
1695865308651 57.969 72000
1695865386757 57.967 76000
1695865465380 57.941 80000
1695865543553 57.969 84000
1695865622103 57.974 88000
1695865700470 57.998 92000
1695865778909 57.997 96000
1695865857245 57.989 100000
1695865935603 57.991 104000
1695866013912 57.984 108000
1695866092333 57.983 112000
1695866170704 57.971 116000
1695866249380 57.972 120000
