1695863975949 8574.999 4000
1695864053826 8626.253 8000
1695864131927 8706.676 12000
1695864210279 8796.211 16000
1695864289162 8856.642 20000
1695864367910 8913.511 24000
1695864446573 8975.095 28000
1695864524899 8990.652 32000
1695864602976 8999.585 36000
1695864681266 9006.573 40000
1695864759750 9055.819 44000
1695864838307 9094.938 48000
1695864917120 9134.628 52000
1695864995586 9140.436 56000
1695865073812 9137.973 60000
1695865152184 9127.713 64000
1695865230383 9101.078 68000
1695865308650 9098.635 72000
1695865386756 9097.815 76000
1695865465379 9100.336 80000
1695865543552 9101.919 84000
1695865622102 9106.579 88000
1695865700469 9091.157 92000
1695865778908 9088.45 96000
1695865857244 9089.164 100000
1695865935602 9088.144 104000
1695866013911 9089.035 108000
1695866092332 9103.271 112000
1695866170703 9114.277 116000
1695866249380 9119.819 120000
