1695863975951 31.666 4000
1695864053828 31.119 8000
1695864131928 31.095 12000
1695864210281 31.17 16000
1695864289163 32.109 20000
1695864367912 32.483 24000
1695864446575 32.314 28000
1695864524900 32.161 32000
1695864602978 32.094 36000
1695864681267 32.009 40000
1695864759751 31.965 44000
1695864838309 32.021 48000
1695864917122 32.005 52000
1695864995588 31.995 56000
1695865073814 31.524 60000
1695865152185 31.196 64000
1695865230384 31.123 68000
1695865308651 31.151 72000
1695865386757 31.163 76000
1695865465381 31.102 80000
1695865543553 31.113 84000
1695865622103 31.07 88000
1695865700470 31.071 92000
1695865778910 31.048 96000
1695865857246 31.077 100000
1695865935604 31.023 104000
1695866013913 31.084 108000
1695866092333 31.086 112000
1695866170704 31.038 116000
1695866249381 31.206 120000
