1695863975949 77020.466 4000
1695864053826 77358.215 8000
1695864131926 77541.299 12000
1695864210278 77697.185 16000
1695864289162 77885.276 20000
1695864367910 77987.612 24000
1695864446573 78050.14 28000
1695864524898 78055.244 32000
1695864602976 78032.877 36000
1695864681265 78033.965 40000
1695864759749 78155.435 44000
1695864838307 78217.768 48000
1695864917120 78283.606 52000
1695864995586 78288.739 56000
1695865073812 78223.598 60000
1695865152184 78186.24 64000
1695865230383 78139.731 68000
1695865308649 78133.195 72000
1695865386755 78134.06 76000
1695865465379 78167.564 80000
1695865543551 78136.567 84000
1695865622102 78134.901 88000
1695865700468 78090.795 92000
1695865778908 78088.694 96000
1695865857244 78099.224 100000
1695865935602 78096.416 104000
1695866013911 78105.467 108000
1695866092332 78120.622 112000
1695866170702 78145.773 116000
1695866249379 78150.839 120000
