1695864210275 0.12911244677722938 16000
1695864289159 0.12911244677722938 20000
1695864367907 0.12911244677722938 24000
1695864446571 0.13090540290947195 28000
1695864524896 0.13090540290947195 32000
1695864602973 0.13090540290947195 36000
1695864681263 0.1317768120455535 40000
1695864759747 0.1317768120455535 44000
1695864838305 0.1317768120455535 48000
1695864917117 0.13245533931899697 52000
1695864995584 0.13245533931899697 56000
1695865073809 0.13245533931899697 60000
1695865152181 0.13295397124337385 64000
1695865230380 0.13295397124337385 68000
1695865308647 0.13299476415330802 72000
1695865386753 0.1330989405231778 76000
1695865465377 0.13333666646424683 80000
1695865543549 0.13343028059836337 84000
1695865622099 0.13354397099666512 88000
1695865700466 0.13365190210701244 92000
1695865778905 0.1337323026469898 96000
1695865857242 0.1338030963168345 100000
1695865935600 0.13392028724908914 104000
1695866013908 0.13399004477413512 108000
1695866092329 0.13405698167170124 112000
1695866170700 0.13417048704356585 116000
1695866249377 0.1342335226589353 120000
