1695864210276 0.0 16000
1695864289160 0.0 20000
1695864367907 0.0 24000
1695864446571 0.0 28000
1695864524897 0.0 32000
1695864602974 0.0 36000
1695864681264 0.0 40000
1695864759748 0.0 44000
1695864838305 0.0 48000
1695864917118 0.0 52000
1695864995584 0.0 56000
1695865073810 0.0 60000
1695865152182 0.0 64000
1695865230381 0.0 68000
1695865308647 0.0 72000
1695865386753 0.0 76000
1695865465377 0.0 80000
1695865543550 0.0 84000
1695865622100 0.0 88000
1695865700466 0.0 92000
1695865778906 0.0 96000
1695865857242 0.0 100000
1695865935600 0.0 104000
1695866013909 0.0 108000
1695866092330 0.0 112000
1695866170701 0.0 116000
1695866249377 0.0 120000
