1695864210275 0.0732886649756637 16000
1695864289159 0.0732886649756637 20000
1695864367907 0.0732886649756637 24000
1695864446570 0.07416573939492402 28000
1695864524896 0.07416573939492402 32000
1695864602973 0.07416573939492402 36000
1695864681263 0.07462270330712392 40000
1695864759747 0.07462270330712392 44000
1695864838304 0.07462270330712392 48000
1695864917117 0.07496220492590407 52000
1695864995583 0.07496220492590407 56000
1695865073809 0.07496220492590407 60000
1695865152180 0.07520743986662304 64000
1695865230380 0.07520743986662304 68000
1695865308647 0.0752288127099513 72000
1695865386752 0.07527637814586513 76000
1695865465376 0.07539604431630728 80000
1695865543549 0.07543077035791344 84000
1695865622098 0.07548323490713538 88000
1695865700466 0.07554704819418681 92000
1695865778905 0.07557612313164407 96000
1695865857241 0.07561294318810607 100000
1695865935599 0.07567151033208586 104000
1695866013908 0.07569613236659152 108000
1695866092329 0.07572789547944477 112000
1695866170700 0.07578034065389977 116000
1695866249376 0.0758014690068189 120000
