1695864210274 1.7476029726656281 16000
1695864289158 1.7476029726656281 20000
1695864367906 1.7476029726656281 24000
1695864446570 1.7653781389005267 28000
1695864524895 1.7653781389005267 32000
1695864602972 1.7653781389005267 36000
1695864681262 1.7734119116302234 40000
1695864759746 1.7734119116302234 44000
1695864838304 1.7734119116302234 48000
1695864917117 1.7788028974868308 52000
1695864995582 1.7788028974868308 56000
1695865073809 1.7788028974868308 60000
1695865152180 1.7824884640899124 64000
1695865230379 1.7824884640899124 68000
1695865308646 1.782831518139719 72000
1695865386752 1.7834843458195868 76000
1695865465376 1.785125259190965 80000
1695865543548 1.785736978172921 84000
1695865622098 1.7864349085534585 88000
1695865700465 1.787165968518197 92000
1695865778905 1.787668500621295 96000
1695865857241 1.7881027284695692 100000
1695865935599 1.7887462035933894 104000
1695866013908 1.7891824930711078 108000
1695866092329 1.7895511390141967 112000
1695866170699 1.790144559437162 116000
1695866249376 1.7905139619000525 120000
