1695864210274 0.23700559533885834 16000
1695864289158 0.23700559533885834 20000
1695864367906 0.23700559533885834 24000
1695864446569 0.2391004179283529 28000
1695864524895 0.2391004179283529 32000
1695864602972 0.2391004179283529 36000
1695864681262 0.23995690301324385 40000
1695864759746 0.23995690301324385 44000
1695864838303 0.23995690301324385 48000
1695864917116 0.24050675348323472 52000
1695864995582 0.24050675348323472 56000
1695865073808 0.24050675348323472 60000
1695865152180 0.24083698044077514 64000
1695865230379 0.24083698044077514 68000
1695865308646 0.24085637820245095 72000
1695865386752 0.24091639048560196 76000
1695865465375 0.2410434737005072 80000
1695865543548 0.24110860777464502 84000
1695865622097 0.24115916734969065 88000
1695865700465 0.2412010900158073 92000
1695865778904 0.24125762971003709 96000
1695865857240 0.24127722738025748 100000
1695865935598 0.24133302559407394 104000
1695866013907 0.24138194614040853 108000
1695866092328 0.2414022168791978 112000
1695866170699 0.24145970522935065 116000
1695866249375 0.24150263192040813 120000
