1695866460309 479.5 4000
1695866539243 479.5 8000
1695866617971 479.5 12000
1695866696194 479.5 16000
1695866774377 479.5 20000
1695866852861 479.5 24000
1695866931677 479.5 28000
1695867010545 479.5 32000
1695867089057 479.5 36000
1695867167960 479.5 40000
1695867246629 479.5 44000
1695867324966 479.5 48000
1695867398872 479.5 52000
1695867471348 479.5 56000
1695867543823 479.5 60000
1695867616381 479.5 64000
1695867688769 479.5 68000
1695867761250 479.5 72000
1695867833752 479.5 76000
1695867906075 479.5 80000
1695867978750 479.5 84000
1695868051051 479.5 88000
1695868123289 479.5 92000
1695868195495 479.5 96000
1695868267597 479.5 100000
1695868339948 479.5 104000
1695868412186 479.5 108000
1695868484364 479.5 112000
1695868556671 479.5 116000
1695868628942 479.5 120000
1695868701666 479.5 124000
1695868774004 479.5 128000
1695868846381 479.5 132000
1695868918417 479.5 136000
1695868990739 479.5 140000
1695869062832 479.5 144000
1695869135065 479.5 148000
1695869207497 479.5 152000
1695869279583 479.5 156000
1695869351830 479.5 160000
1695869424243 479.5 164000
1695869496447 479.5 168000
1695869568871 479.5 172000
1695869641154 479.5 176000
1695869713382 479.5 180000
1695869785865 479.5 184000
1695869858563 479.5 188000
1695869931241 479.5 192000
1695870003583 479.5 196000
1695870076107 479.5 200000
1695870148339 479.5 204000
1695870220463 479.5 208000
1695870291264 479.5 212000
1695870363013 479.5 216000
1695870434936 479.5 220000
1695870507461 479.5 224000
1695870580570 479.5 228000
1695870653059 479.5 232000
1695870725420 479.5 236000
1695870797566 479.5 240000
1695870869877 479.5 244000
1695870942320 479.5 248000
1695871014884 479.5 252000
1695871087161 479.5 256000
1695871159343 479.5 260000
1695871231763 479.5 264000
1695871304413 479.5 268000
