1695866460309 480.5 4000
1695866539242 1440.5 8000
1695866617970 2400.5 12000
1695866696194 3360.5 16000
1695866774376 4320.5 20000
1695866852861 5280.5 24000
1695866931676 6240.5 28000
1695867010545 7200.5 32000
1695867089056 8160.5 36000
1695867167959 9120.5 40000
1695867246629 10080.5 44000
1695867324965 11040.5 48000
1695867398872 12000.5 52000
1695867471348 12960.5 56000
1695867543822 13920.5 60000
1695867616380 14880.5 64000
1695867688769 15840.5 68000
1695867761249 16800.5 72000
1695867833751 17760.5 76000
1695867906074 18720.5 80000
1695867978749 19680.5 84000
1695868051050 20640.5 88000
1695868123289 21600.5 92000
1695868195494 22560.5 96000
1695868267597 23520.5 100000
1695868339948 24480.5 104000
1695868412186 25440.5 108000
1695868484363 26400.5 112000
1695868556671 27360.5 116000
1695868628942 28320.5 120000
1695868701665 29280.5 124000
1695868774004 30240.5 128000
1695868846380 31200.5 132000
1695868918416 32160.5 136000
1695868990738 33120.5 140000
1695869062832 34080.5 144000
1695869135065 35040.5 148000
1695869207496 36000.5 152000
1695869279583 36960.5 156000
1695869351830 37920.5 160000
1695869424243 38880.5 164000
1695869496447 39840.5 168000
1695869568870 40800.5 172000
1695869641154 41760.5 176000
1695869713382 42720.5 180000
1695869785865 43680.5 184000
1695869858562 44640.5 188000
1695869931240 45600.5 192000
1695870003582 46560.5 196000
1695870076106 47520.5 200000
1695870148338 48480.5 204000
1695870220463 49440.5 208000
1695870291263 50400.5 212000
1695870363012 51360.5 216000
1695870434935 52320.5 220000
1695870507460 53280.5 224000
1695870580569 54240.5 228000
1695870653059 55200.5 232000
1695870725419 56160.5 236000
1695870797565 57120.5 240000
1695870869876 58080.5 244000
1695870942319 59040.5 248000
1695871014883 60000.5 252000
1695871087160 60960.5 256000
1695871159343 61920.5 260000
1695871231763 62880.5 264000
1695871304413 63840.5 268000
