1695866460322 0.0 4000
1695866539255 0.0 8000
1695866617980 0.0 12000
1695866696203 0.0 16000
1695866774386 0.0 20000
1695866852870 0.0 24000
1695866931686 0.0 28000
1695867010553 0.0 32000
1695867089066 0.0 36000
1695867167969 0.0 40000
1695867246638 0.0 44000
1695867324976 0.0 48000
1695867398882 0.0 52000
1695867471358 0.0 56000
1695867543833 0.0 60000
1695867616390 0.0 64000
1695867688778 0.0 68000
1695867761259 0.0 72000
1695867833762 0.0 76000
1695867906086 0.0 80000
1695867978759 0.0 84000
1695868051060 0.0 88000
1695868123299 0.0 92000
1695868195504 0.0 96000
1695868267607 0.0 100000
1695868339957 0.0 104000
1695868412196 0.0 108000
1695868484374 0.0 112000
1695868556680 0.0 116000
1695868628951 0.0 120000
1695868701674 0.0 124000
1695868774013 0.0 128000
1695868846390 0.0 132000
1695868918427 0.0 136000
1695868990749 0.0 140000
1695869062842 0.0 144000
1695869135075 0.0 148000
1695869207507 0.0 152000
1695869279592 0.0 156000
1695869351842 0.0 160000
1695869424253 0.0 164000
1695869496456 0.0 168000
1695869568880 0.0 172000
1695869641165 0.0 176000
1695869713392 0.0 180000
1695869785874 0.0 184000
1695869858573 0.0 188000
1695869931251 0.0 192000
1695870003593 0.0 196000
1695870076117 0.0 200000
1695870148350 0.0 204000
1695870220472 0.0 208000
1695870291273 0.0 212000
1695870363023 0.0 216000
1695870434945 0.0 220000
1695870507470 0.0 224000
1695870580579 0.0 228000
1695870653070 0.0 232000
1695870725429 0.0 236000
1695870797575 0.0 240000
1695870869886 0.0 244000
1695870942330 0.0 248000
1695871014893 0.0 252000
1695871087170 0.0 256000
1695871159353 0.0 260000
1695871231772 0.0 264000
1695871304422 0.0 268000
