1695866460324 5.0000000000000016e-05 4000
1695866539257 5.0000000000000016e-05 8000
1695866617981 5.0000000000000016e-05 12000
1695866696204 5.0000000000000016e-05 16000
1695866774387 5.0000000000000016e-05 20000
1695866852871 5.0000000000000016e-05 24000
1695866931688 5.0000000000000016e-05 28000
1695867010555 5.0000000000000016e-05 32000
1695867089067 5.0000000000000016e-05 36000
1695867167971 5.0000000000000016e-05 40000
1695867246639 5.0000000000000016e-05 44000
1695867324978 5.0000000000000016e-05 48000
1695867398883 5.0000000000000016e-05 52000
1695867471360 5.0000000000000016e-05 56000
1695867543835 5.0000000000000016e-05 60000
1695867616392 5.0000000000000016e-05 64000
1695867688780 5.0000000000000016e-05 68000
1695867761261 5.0000000000000016e-05 72000
1695867833764 5.0000000000000016e-05 76000
1695867906087 5.0000000000000016e-05 80000
1695867978761 5.0000000000000016e-05 84000
1695868051062 5.0000000000000016e-05 88000
1695868123301 5.0000000000000016e-05 92000
1695868195505 5.0000000000000016e-05 96000
1695868267608 5.0000000000000016e-05 100000
1695868339959 5.0000000000000016e-05 104000
1695868412197 5.0000000000000016e-05 108000
1695868484376 5.0000000000000016e-05 112000
1695868556682 5.0000000000000016e-05 116000
1695868628953 5.0000000000000016e-05 120000
1695868701676 5.0000000000000016e-05 124000
1695868774014 5.0000000000000016e-05 128000
1695868846391 5.0000000000000016e-05 132000
1695868918428 5.0000000000000016e-05 136000
1695868990750 5.0000000000000016e-05 140000
1695869062844 5.0000000000000016e-05 144000
1695869135076 5.0000000000000016e-05 148000
1695869207509 5.0000000000000016e-05 152000
1695869279593 5.0000000000000016e-05 156000
1695869351843 5.0000000000000016e-05 160000
1695869424255 5.0000000000000016e-05 164000
1695869496458 5.0000000000000016e-05 168000
1695869568881 5.0000000000000016e-05 172000
1695869641167 5.0000000000000016e-05 176000
1695869713393 5.0000000000000016e-05 180000
1695869785875 5.0000000000000016e-05 184000
1695869858575 5.0000000000000016e-05 188000
1695869931252 5.0000000000000016e-05 192000
1695870003595 5.0000000000000016e-05 196000
1695870076119 5.0000000000000016e-05 200000
1695870148352 5.0000000000000016e-05 204000
1695870220473 5.0000000000000016e-05 208000
1695870291274 5.0000000000000016e-05 212000
1695870363025 5.0000000000000016e-05 216000
1695870434947 5.0000000000000016e-05 220000
1695870507471 5.0000000000000016e-05 224000
1695870580580 5.0000000000000016e-05 228000
1695870653071 5.0000000000000016e-05 232000
1695870725430 5.0000000000000016e-05 236000
1695870797576 5.0000000000000016e-05 240000
1695870869888 5.0000000000000016e-05 244000
1695870942332 5.0000000000000016e-05 248000
1695871014894 5.0000000000000016e-05 252000
1695871087172 5.0000000000000016e-05 256000
1695871159354 5.0000000000000016e-05 260000
1695871231774 5.0000000000000016e-05 264000
1695871304424 5.0000000000000016e-05 268000
