1695866460323 0.20000000000000004 4000
1695866539256 0.20000000000000004 8000
1695866617981 0.20000000000000004 12000
1695866696204 0.20000000000000004 16000
1695866774387 0.20000000000000004 20000
1695866852871 0.20000000000000004 24000
1695866931687 0.20000000000000004 28000
1695867010554 0.20000000000000004 32000
1695867089067 0.20000000000000004 36000
1695867167970 0.20000000000000004 40000
1695867246639 0.20000000000000004 44000
1695867324977 0.20000000000000004 48000
1695867398883 0.20000000000000004 52000
1695867471359 0.20000000000000004 56000
1695867543834 0.20000000000000004 60000
1695867616391 0.20000000000000004 64000
1695867688779 0.20000000000000004 68000
1695867761260 0.20000000000000004 72000
1695867833763 0.20000000000000004 76000
1695867906087 0.20000000000000004 80000
1695867978760 0.20000000000000004 84000
1695868051061 0.20000000000000004 88000
1695868123300 0.20000000000000004 92000
1695868195505 0.20000000000000004 96000
1695868267608 0.20000000000000004 100000
1695868339958 0.20000000000000004 104000
1695868412197 0.20000000000000004 108000
1695868484375 0.20000000000000004 112000
1695868556681 0.20000000000000004 116000
1695868628952 0.20000000000000004 120000
1695868701675 0.20000000000000004 124000
1695868774014 0.20000000000000004 128000
1695868846391 0.20000000000000004 132000
1695868918428 0.20000000000000004 136000
1695868990750 0.20000000000000004 140000
1695869062843 0.20000000000000004 144000
1695869135076 0.20000000000000004 148000
1695869207508 0.20000000000000004 152000
1695869279593 0.20000000000000004 156000
1695869351843 0.20000000000000004 160000
1695869424254 0.20000000000000004 164000
1695869496457 0.20000000000000004 168000
1695869568881 0.20000000000000004 172000
1695869641167 0.29999999999999993 176000
1695869713393 0.29999999999999993 180000
1695869785875 0.29999999999999993 184000
1695869858574 0.29999999999999993 188000
1695869931252 0.29999999999999993 192000
1695870003594 0.29999999999999993 196000
1695870076118 0.29999999999999993 200000
1695870148351 0.29999999999999993 204000
1695870220473 0.29999999999999993 208000
1695870291274 0.29999999999999993 212000
1695870363024 0.29999999999999993 216000
1695870434946 0.29999999999999993 220000
1695870507471 0.29999999999999993 224000
1695870580580 0.29999999999999993 228000
1695870653071 0.29999999999999993 232000
1695870725430 0.29999999999999993 236000
1695870797576 0.29999999999999993 240000
1695870869887 0.29999999999999993 244000
1695870942331 0.29999999999999993 248000
1695871014894 0.29999999999999993 252000
1695871087172 0.14999999999999997 256000
1695871159354 0.22500000000000006 260000
1695871231773 0.22500000000000006 264000
1695871304423 0.22500000000000006 268000
