1695866460329 1.9333380407343308 4000
1695866539260 1.9166697586576145 8000
1695866617984 1.8872509632259606 12000
1695866696207 1.853319231669108 16000
1695866774390 1.8397849220782518 20000
1695866852874 1.8166368582596382 24000
1695866931691 1.751647040868799 28000
1695867010558 1.742747042576472 32000
1695867089070 1.6858458828181029 36000
1695867167974 1.6248674030105272 40000
1695867246642 1.650344635422031 44000
1695867324981 1.5853551062444846 48000
1695867398886 1.5456855467210213 52000
1695867471363 1.543420938650767 56000
1695867543838 1.4576416455209256 60000
1695867616395 1.456632175669074 64000
1695867688783 1.3524165281405052 68000
1695867761264 1.3318487143764892 72000
1695867833767 1.3484094332903624 76000
1695867906091 1.3186547987163066 80000
1695867978764 1.268633271753788 84000
1695868051066 1.2522547110915183 88000
1695868123304 1.2215890636046727 92000
1695868195508 1.1412080386653543 96000
1695868267611 1.2811983705808718 100000
1695868339962 1.3066806580871344 104000
1695868412200 1.2240469194948673 108000
1695868484379 1.190065015355746 112000
1695868556685 1.2622300626089176 116000
1695868628955 1.166216087465485 120000
1695868701679 1.1672417155777415 124000
1695868774017 1.0620780428871512 128000
1695868846394 1.079182121405999 132000
1695868918432 1.149117670332392 136000
1695868990754 1.2104208124180635 140000
1695869062847 1.0083011743302146 144000
1695869135080 0.7605500023191174 148000
1695869207512 0.9017283499240876 152000
1695869279596 0.8071836605047186 156000
1695869351846 0.8931981530040503 160000
1695869424258 0.8254029411201675 164000
1695869496461 0.7871931783854962 168000
1695869568884 0.8713992478946845 172000
1695869641172 0.9735745128244162 176000
1695869713396 0.7724675238753359 180000
1695869785878 0.8069288575400909 184000
1695869858578 0.8788007316490014 188000
1695869931256 0.8814042844499151 192000
1695870003598 0.9644487207134564 196000
1695870076122 0.8283599577844143 200000
1695870148355 0.9169912998254101 204000
1695870220476 0.7644094959522287 208000
1695870291277 0.7466770411158602 212000
1695870363028 0.7742996854707599 216000
1695870434950 0.7321499728908142 220000
1695870507474 0.5426159396146735 224000
1695870580583 0.5889954867151876 228000
1695870653074 0.6756525496641795 232000
1695870725433 0.7436376010999084 236000
1695870797579 0.6024927765130996 240000
1695870869891 0.7070788887639841 244000
1695870942335 0.5976987548793355 248000
1695871014898 0.5237538633247216 252000
1695871087175 0.6446392939736446 256000
1695871159357 0.5917448465091487 260000
1695871231776 0.6300906696977715 264000
1695871304427 0.664883901985983 268000
