1695866460330 0.0010000000000000005 4000
1695866539261 0.0010000000000000005 8000
1695866617985 0.0010000000000000005 12000
1695866696207 0.0010000000000000005 16000
1695866774391 0.0010000000000000005 20000
1695866852875 0.0010000000000000005 24000
1695866931692 0.0010000000000000005 28000
1695867010558 0.0010000000000000005 32000
1695867089071 0.0010000000000000005 36000
1695867167974 0.0010000000000000005 40000
1695867246643 0.0010000000000000005 44000
1695867324981 0.0010000000000000005 48000
1695867398887 0.0010000000000000005 52000
1695867471363 0.0010000000000000005 56000
1695867543838 0.0010000000000000005 60000
1695867616395 0.0010000000000000005 64000
1695867688783 0.0010000000000000005 68000
1695867761264 0.0010000000000000005 72000
1695867833767 0.0010000000000000005 76000
1695867906091 0.0010000000000000005 80000
1695867978764 0.0010000000000000005 84000
1695868051067 0.0010000000000000005 88000
1695868123305 0.0010000000000000005 92000
1695868195509 0.0010000000000000005 96000
1695868267612 0.0010000000000000005 100000
1695868339963 0.0010000000000000005 104000
1695868412201 0.0010000000000000005 108000
1695868484379 0.0010000000000000005 112000
1695868556686 0.0010000000000000005 116000
1695868628956 0.0010000000000000005 120000
1695868701679 0.0010000000000000005 124000
1695868774018 0.0010000000000000005 128000
1695868846395 0.0010000000000000005 132000
1695868918432 0.0010000000000000005 136000
1695868990754 0.0010000000000000005 140000
1695869062848 0.0010000000000000005 144000
1695869135080 0.0010000000000000005 148000
1695869207513 0.0010000000000000005 152000
1695869279597 0.0010000000000000005 156000
1695869351847 0.0010000000000000005 160000
1695869424259 0.0010000000000000005 164000
1695869496461 0.0010000000000000005 168000
1695869568885 0.0010000000000000005 172000
1695869641173 0.0010000000000000005 176000
1695869713397 0.0010000000000000005 180000
1695869785879 0.0010000000000000005 184000
1695869858579 0.0010000000000000005 188000
1695869931256 0.0010000000000000005 192000
1695870003599 0.0010000000000000005 196000
1695870076123 0.0010000000000000005 200000
1695870148356 0.0010000000000000005 204000
1695870220477 0.0010000000000000005 208000
1695870291277 0.0010000000000000005 212000
1695870363028 0.0010000000000000005 216000
1695870434951 0.0010000000000000005 220000
1695870507475 0.0010000000000000005 224000
1695870580584 0.0010000000000000005 228000
1695870653075 0.0010000000000000005 232000
1695870725434 0.0010000000000000005 236000
1695870797580 0.0010000000000000005 240000
1695870869891 0.0010000000000000005 244000
1695870942336 0.0010000000000000005 248000
1695871014898 0.0010000000000000005 252000
1695871087176 0.0010000000000000005 256000
1695871159358 0.0010000000000000005 260000
1695871231777 0.0010000000000000005 264000
1695871304427 0.0010000000000000005 268000
