1695866460323 0.657182829392453 4000
1695866539255 0.7983574274927377 8000
1695866617980 0.9605749680660665 12000
1695866696203 1.1563990967348219 16000
1695866774386 1.231906680824856 20000
1695866852870 1.2524111425504088 24000
1695866931687 1.3701670206462344 28000
1695867010554 1.5165447177365423 32000
1695867089066 1.500642660818994 36000
1695867167969 1.475954149539272 40000
1695867246638 1.4224469073116779 44000
1695867324977 1.3851608928292989 48000
1695867398882 1.515667281113565 52000
1695867471359 1.5244509464129805 56000
1695867543834 1.5618085785458484 60000
1695867616391 1.42476270844539 64000
1695867688779 1.518776779435575 68000
1695867761260 1.4438463230617344 72000
1695867833762 1.4393037475024661 76000
1695867906086 1.4866746977282068 80000
1695867978760 1.5298165182893475 84000
1695868051061 1.3302521128517886 88000
1695868123300 1.6140532563750942 92000
1695868195504 1.5652130332464973 96000
1695868267607 1.4666137195502718 100000
1695868339958 1.5104327171109617 104000
1695868412196 1.5639839039494594 108000
1695868484375 1.6520290605723857 112000
1695868556681 1.676036216504872 116000
1695868628952 1.6753928801665703 120000
1695868701675 1.5330908327673873 124000
1695868774013 1.3287568025601406 128000
1695868846390 1.530919228369991 132000
1695868918427 1.6465392957131069 136000
1695868990749 1.6325072435662151 140000
1695869062843 1.605126653673748 144000
1695869135075 1.3417167969668904 148000
1695869207508 1.6110260638718803 152000
1695869279592 1.5480131545414528 156000
1695869351842 1.8632682265713811 160000
1695869424253 1.458009127403299 164000
1695869496457 1.496172618524482 168000
1695869568880 1.3834757023801407 172000
1695869641166 1.7783892033621669 176000
1695869713392 1.5136992377539475 180000
1695869785874 1.6550519178931913 184000
1695869858574 1.745258397422731 188000
1695869931251 1.6623631404712795 192000
1695870003593 1.7335901886224747 196000
1695870076118 1.6890845746422807 200000
1695870148350 1.6393516139437756 204000
1695870220472 1.38684310571601 208000
1695870291273 1.683255409883956 212000
1695870363023 1.6143864466187854 216000
1695870434946 1.5753722136219344 220000
1695870507470 1.3848407860534886 224000
1695870580579 1.659232122140626 228000
1695870653070 1.6669890135526657 232000
1695870725429 1.88437280425181 236000
1695870797575 1.7514080631236235 240000
1695870869887 1.631951066541175 244000
1695870942331 1.5106106642633677 248000
1695871014893 1.4953476031621298 252000
1695871087171 1.5524742287273208 256000
1695871159353 1.5047245984276136 260000
1695871231773 1.5829881916443507 264000
1695871304423 1.3983824246873457 268000
