1695866460328 0.012738806611733936 4000
1695866539260 0.009654200515642825 8000
1695866617984 0.011247090665355815 12000
1695866696207 0.011492007591281586 16000
1695866774390 0.010761442640537501 20000
1695866852873 0.011573329424638188 24000
1695866931691 0.01438245382384438 28000
1695867010557 0.011949292067822626 32000
1695867089070 0.011387253021713188 36000
1695867167973 0.01273972532725306 40000
1695867246642 0.015860379496366952 44000
1695867324980 0.00954801452649967 48000
1695867398886 0.012296086657102023 52000
1695867471362 0.014916234448045258 56000
1695867543837 0.014163130349328234 60000
1695867616394 0.010101302952304735 64000
1695867688782 0.012986270163858837 68000
1695867761263 0.009513730615570723 72000
1695867833766 0.010238499011658556 76000
1695867906090 0.010572133520831507 80000
1695867978763 0.009843020317472905 84000
1695868051065 0.008378453217081491 88000
1695868123304 0.008321022450237978 92000
1695868195508 0.008954241927926775 96000
1695868267611 0.012040434620716862 100000
1695868339962 0.012585817555890772 104000
1695868412200 0.008238648889566965 108000
1695868484378 0.011792063485824662 112000
1695868556685 0.011220434448485623 116000
1695868628955 0.011041798816114907 120000
1695868701678 0.008559434978785274 124000
1695868774017 0.008859693720652005 128000
1695868846394 0.009250593060160678 132000
1695868918431 0.007971199782528875 136000
1695868990753 0.013374982176617783 140000
1695869062847 0.009626521213942852 144000
1695869135079 0.007613419991658551 148000
1695869207511 0.007435646136506132 152000
1695869279596 0.007992391767568786 156000
1695869351846 0.011319968535522532 160000
1695869424258 0.008395889327751623 164000
1695869496460 0.009642773567159405 168000
1695869568884 0.02975787617696981 172000
1695869641171 0.008178221518110717 176000
1695869713396 0.010278373563347164 180000
1695869785878 0.0073939133272195555 184000
1695869858578 0.007555627041322249 188000
1695869931255 0.008287244918014495 192000
1695870003597 0.007889440604023627 196000
1695870076122 0.008303896673434253 200000
1695870148355 0.008757957577006436 204000
1695870220476 0.007541528823407904 208000
1695870291277 0.00610597283463968 212000
1695870363027 0.00923093289018915 216000
1695870434950 0.007823616651144264 220000
1695870507474 0.005544407085942477 224000
1695870580583 0.006862016239140711 228000
1695870653074 0.006128712941127408 232000
1695870725432 0.01355111164136421 236000
1695870797579 0.007201409092681408 240000
1695870869890 0.010116298429401756 244000
1695870942335 0.00883329262101126 248000
1695871014897 0.004593121532862924 252000
1695871087175 0.04013184151270736 256000
1695871159357 0.008341849247584032 260000
1695871231776 0.009076947206723552 264000
1695871304426 0.01078739337837078 268000
