1695866460325 -0.020338378948993825 4000
1695866539258 -0.015409247124625835 8000
1695866617982 -0.015141332237059638 12000
1695866696205 -0.01627899425341942 16000
1695866774388 -0.017007816624997455 20000
1695866852872 -0.01755949495272944 24000
1695866931689 -0.023343639905215242 28000
1695867010556 -0.021467617486875194 32000
1695867089068 -0.014693993256272127 36000
1695867167972 -0.02133178216754459 40000
1695867246640 -0.023531484170719826 44000
1695867324979 -0.01635277931103095 48000
1695867398884 -0.021069924666759714 52000
1695867471361 -0.021622773750762766 56000
1695867543836 -0.024048482220920656 60000
1695867616393 -0.017688095353272124 64000
1695867688780 -0.018522565688666268 68000
1695867761262 -0.019064394525291087 72000
1695867833765 -0.015353720257310972 76000
1695867906089 -0.018845422716306834 80000
1695867978762 -0.021125799430834983 84000
1695868051063 -0.015047019948542583 88000
1695868123302 -0.014462135693368813 92000
1695868195506 -0.01389206731740463 96000
1695868267609 -0.018785283529238465 100000
1695868339960 -0.01855948594917815 104000
1695868412198 -0.014163037874095608 108000
1695868484377 -0.017359806615907778 112000
1695868556683 -0.01826264505943982 116000
1695868628954 -0.017291931737660585 120000
1695868701677 -0.013170684061090772 124000
1695868774015 -0.01930621021783736 128000
1695868846392 -0.016377610980756192 132000
1695868918429 -0.01493006206243687 136000
1695868990752 -0.018421078126023834 140000
1695869062845 -0.01522469832270872 144000
1695869135078 -0.01598012401809683 148000
1695869207510 -0.01714362014948468 152000
1695869279594 -0.016045348481081117 156000
1695869351844 -0.022180005809059367 160000
1695869424256 -0.01729625997832045 164000
1695869496459 -0.014131343856085247 168000
1695869568882 -0.034743683788838096 172000
1695869641168 -0.019230798028002028 176000
1695869713394 -0.018017688396503216 180000
1695869785876 -0.016852978984146224 184000
1695869858576 -0.01123439451669886 188000
1695869931253 -0.01651973907282809 192000
1695870003596 -0.015319681869004852 196000
1695870076120 -0.017090393308171768 200000
1695870148353 -0.020856224895639267 204000
1695870220474 -0.011734089628832104 208000
1695870291275 -0.01376442831096938 212000
1695870363026 -0.016646989932633006 216000
1695870434948 -0.01762210240898033 220000
1695870507472 -0.010485888581994611 224000
1695870580581 -0.015317741456965451 228000
1695870653072 -0.013909392444475088 232000
1695870725431 -0.022387700643836675 236000
1695870797577 -0.017736556566281553 240000
1695870869889 -0.022597276947150628 244000
1695870942333 -0.011974011876736768 248000
1695871014895 -0.013310971898317803 252000
1695871087173 -0.04872278783295769 256000
1695871159355 -0.018545449192364078 260000
1695871231775 -0.017848174891939076 264000
1695871304425 -0.0166251749493919 268000
