1695866460325 -0.005168620662516332 4000
1695866539257 -0.010141014336538016 8000
1695866617982 -0.008575617117094226 12000
1695866696205 -0.0017578306296248533 16000
1695866774388 -0.008907437363995995 20000
1695866852872 -0.014074193913135484 24000
1695866931688 -0.005118849361557902 28000
1695867010555 -0.018040172868738106 32000
1695867089068 -0.006846270856597888 36000
1695867167971 -0.010708406477321356 40000
1695867246640 -0.01875870702363803 44000
1695867324978 -0.012201948460763863 48000
1695867398884 -0.008723551715835736 52000
1695867471360 -0.016912672082010735 56000
1695867543835 -0.013625054190439793 60000
1695867616392 -0.010666673241818596 64000
1695867688780 -0.005033072982769227 68000
1695867761261 -0.008497297919681538 72000
1695867833764 -0.009483838699452463 76000
1695867906088 -0.009546947792781186 80000
1695867978761 -0.01897008467149135 84000
1695868051063 -0.011686636865366988 88000
1695868123301 0.002340751890005777 92000
1695868195506 -0.0072435496718147386 96000
1695868267609 -0.011453600168382157 100000
1695868339960 -0.011917165211343672 104000
1695868412198 -0.006169501543263322 108000
1695868484376 -0.010317950373791972 112000
1695868556682 -0.009359149574083857 116000
1695868628953 -0.011909962314166477 120000
1695868701676 -0.0077444917775816675 124000
1695868774015 -0.012785699080268387 128000
1695868846392 -0.011505529351476676 132000
1695868918429 -0.01087748609522047 136000
1695868990751 -0.0094502337019397 140000
1695869062844 -0.006710074593017149 144000
1695869135077 -0.01118477589043323 148000
1695869207509 -0.008353575897611638 152000
1695869279594 -0.010370968621767436 156000
1695869351844 -0.016817163121352983 160000
1695869424255 -0.011627661761910229 164000
1695869496458 -0.0059531582846526964 168000
1695869568882 -0.019709660149480137 172000
1695869641168 -0.009494963288792254 176000
1695869713394 -0.0076434359598351875 180000
1695869785876 -0.0034024023598855516 184000
1695869858575 -0.0010237620704477497 188000
1695869931253 -0.0055241487704430865 192000
1695870003595 -0.0032746340994587323 196000
1695870076120 -0.008728343995123093 200000
1695870148352 -0.01217420144166681 204000
1695870220474 0.001354328598002515 208000
1695870291275 -0.001590828746338957 212000
1695870363025 -0.0020102254671655827 216000
1695870434948 -0.004903104947273581 220000
1695870507472 -0.00040276002497800317 224000
1695870580581 -0.007874614956381264 228000
1695870653072 -0.005376293041020593 232000
1695870725430 -0.011483775090406803 236000
1695870797577 -0.009621509443968534 240000
1695870869888 -0.012245899484211502 244000
1695870942332 0.0007117537383843834 248000
1695871014895 -0.00732286410566303 252000
1695871087173 -0.035566123792235275 256000
1695871159355 -0.004516714505734853 260000
1695871231774 -0.010408370062699153 264000
1695871304424 -0.01229179962380537 268000
