1695866460327 0.19380681564410526 4000
1695866539259 -0.03377519994974136 8000
1695866617983 0.34431341184924047 12000
1695866696206 0.43768107537180184 16000
1695866774389 0.3575290406743685 20000
1695866852873 0.6313912662367026 24000
1695866931690 0.48611524781833093 28000
1695867010557 0.3314516645545761 32000
1695867089069 0.3498185219243169 36000
1695867167973 0.7197326449056466 40000
1695867246641 0.5474746440226833 44000
1695867324980 0.6788874261081219 48000
1695867398885 0.651336393567423 52000
1695867471362 0.5410661593700449 56000
1695867543837 0.7081717209269603 60000
1695867616394 0.5635470991333326 64000
1695867688781 0.38243046489854654 68000
1695867761263 0.636980897312363 72000
1695867833766 0.6819857565686107 76000
1695867906090 0.6707376171524326 80000
1695867978763 0.17194958856950204 84000
1695868051065 0.7040200227871537 88000
1695868123303 0.6470967873930931 92000
1695868195507 0.6278219436605771 96000
1695868267610 0.41393166047831376 100000
1695868339961 0.6751577785238624 104000
1695868412199 0.7602773785591126 108000
1695868484378 0.7747686131546895 112000
1695868556684 0.8253271758556366 116000
1695868628954 0.8166511656095584 120000
1695868701678 0.8004082564264536 124000
1695868774016 0.6374342350910107 128000
1695868846394 0.838840147604545 132000
1695868918431 0.8606038673470418 136000
1695868990753 0.7391695721074939 140000
1695869062846 0.7617401753241817 144000
1695869135079 0.8528054697439075 148000
1695869207511 0.702968048180143 152000
1695869279595 0.8414629281808933 156000
1695869351845 0.8476950567836563 160000
1695869424257 0.7428175802032153 164000
1695869496460 0.8212516795222958 168000
1695869568883 0.8188008654862642 172000
1695869641170 0.8473550028478106 176000
1695869713395 0.7989092747991283 180000
1695869785877 0.7746203853438298 184000
1695869858577 0.8029033632948994 188000
1695869931255 0.7992451723044117 192000
1695870003597 0.8241871088122328 196000
1695870076121 0.7059638686478138 200000
1695870148354 0.8110489803676804 204000
1695870220475 0.7872152344634136 208000
1695870291276 0.7218943597127994 212000
1695870363027 0.7019972619290153 216000
1695870434949 0.7319894153624773 220000
1695870507473 0.8252635911727945 224000
1695870580582 0.866083960669736 228000
1695870653073 0.8184102276340127 232000
1695870725432 0.84069254056861 236000
1695870797578 0.870256562034289 240000
1695870869890 0.843587466267248 244000
1695870942334 0.7858956273024281 248000
1695871014897 0.8603857720270753 252000
1695871087174 0.8535281008730332 256000
1695871159356 0.8253514441351096 260000
1695871231775 0.8528425416598717 264000
1695871304426 0.7671912459656596 268000
