1695866460326 0.029110671509018478 4000
1695866539258 0.01050812423612418 8000
1695866617983 0.012407095544525267 12000
1695866696206 0.02815216415425918 16000
1695866774389 0.01557575277305053 20000
1695866852872 0.005974544690858844 24000
1695866931689 0.034199894832757614 28000
1695867010556 0.005560667808701207 32000
1695867089069 0.014512235963047715 36000
1695867167972 0.019400596379030806 40000
1695867246641 0.006502092475178263 44000
1695867324979 0.007653166200058573 48000
1695867398885 0.022865681410379087 52000
1695867471361 0.006540552033523757 56000
1695867543836 0.018096887556021103 60000
1695867616393 0.01291558665931613 64000
1695867688781 0.024489312113534348 68000
1695867761262 0.019992396748178484 72000
1695867833765 0.01034118463624812 76000
1695867906089 0.017005405921130052 80000
1695867978762 0.0029114859255059853 84000
1695868051064 0.00587389420082521 88000
1695868123303 0.032720543849184956 92000
1695868195507 0.011997754249265805 96000
1695868267610 0.012409589682404961 100000
1695868339961 0.010863676402853647 104000
1695868412199 0.01513970638407045 108000
1695868484377 0.011747016663624285 112000
1695868556683 0.01584327689439912 116000
1695868628954 0.008679651216759036 120000
1695868701677 0.00976309423179676 124000
1695868774016 0.01162130121423009 128000
1695868846393 0.008202291418274398 132000
1695868918430 0.00721490822082463 136000
1695868990752 0.015012537590033995 140000
1695869062846 0.0151952410757076 144000
1695869135078 0.008066428463401583 148000
1695869207510 0.016409287063773568 152000
1695869279595 0.009766169599970453 156000
1695869351845 0.007984095219580923 160000
1695869424256 0.00962964639911661 164000
1695869496459 0.01407364801755951 168000
1695869568883 0.019907696598481076 172000
1695869641170 0.016511886218601526 176000
1695869713395 0.016126414980196083 180000
1695869785877 0.024078663301770574 184000
1695869858577 0.017645489168838444 188000
1695869931254 0.018781643054777912 192000
1695870003596 0.02128532841403891 196000
1695870076121 0.013398480855297141 200000
1695870148353 0.013943254693973966 204000
1695870220475 0.023180739018910875 208000
1695870291276 0.02217697022279026 212000
1695870363026 0.02528356775486221 216000
1695870434949 0.022208124817310212 220000
1695870507473 0.017924844930045463 224000
1695870580582 0.011947033090352003 228000
1695870653073 0.014740275906660827 232000
1695870725431 0.015164459239895223 236000
1695870797578 0.013114234195866933 240000
1695870869889 0.016047133095222915 244000
1695870942333 0.021266951814565498 248000
1695871014896 0.010267850515325942 252000
1695871087174 0.015563053620280699 256000
1695871159356 0.025487127207452432 260000
1695871231775 0.012055164891353342 264000
1695871304425 0.005142191779304995 268000
