1695864210326 1.7422836050000094 16000
1695864289201 1.7422836050000094 20000
1695864367953 1.7422836050000094 24000
1695864446613 1.7422836050000094 28000
1695864524944 1.7422836050000094 32000
1695864603017 1.7422836050000094 36000
1695864681305 1.823693237816185 40000
1695864759791 1.823693237816185 44000
1695864838351 1.823693237816185 48000
1695864917166 1.823693237816185 52000
1695864995627 1.823693237816185 56000
1695865073855 1.823693237816185 60000
1695865152224 1.8306932378161758 64000
1695865230425 1.8306932378161758 68000
1695865308695 1.8306932378161758 72000
1695865386801 1.8306932378161758 76000
1695865465419 1.8306932378161758 80000
1695865543594 2.6887088628161715 84000
1695865622142 2.6887088628161715 88000
1695865700509 2.6887088628161715 92000
1695865778949 2.6887088628161715 96000
1695865857294 2.6887088628161715 100000
1695865935648 2.6887088628161715 104000
1695866013952 2.6887088628161715 108000
1695866092378 2.6887088628161715 112000
1695866170743 2.6887088628161715 116000
1695866249421 2.6887088628161715 120000
