1695864210326 1.441549999999992 16000
1695864289202 1.441549999999992 20000
1695864367953 1.441549999999992 24000
1695864446614 1.441549999999992 28000
1695864524944 1.441549999999992 32000
1695864603017 1.441549999999992 36000
1695864681306 1.441549999999992 40000
1695864759791 1.441549999999992 44000
1695864838352 1.441549999999992 48000
1695864917166 1.441549999999992 52000
1695864995627 1.441549999999992 56000
1695865073856 1.441549999999992 60000
1695865152224 1.441549999999992 64000
1695865230426 1.441549999999992 68000
1695865308695 1.441549999999992 72000
1695865386801 1.6312836049999924 76000
1695865465420 1.6312836049999924 80000
1695865543595 1.6312836049999924 84000
1695865622143 1.6312836049999924 88000
1695865700510 1.6312836049999924 92000
1695865778950 1.6312836049999924 96000
1695865857294 1.6312836049999924 100000
1695865935649 1.6312836049999924 104000
1695866013952 1.6312836049999924 108000
1695866092379 1.6312836049999924 112000
1695866170743 1.6312836049999924 116000
1695866249422 1.6312836049999924 120000
