1695866460337 2.0 4000
1695866539267 2.0 8000
1695866617989 2.0 12000
1695866696212 2.0 16000
1695866774395 2.0 20000
1695866852879 2.0 24000
1695866931696 2.0 28000
1695867010562 2.0 32000
1695867089076 2.0 36000
1695867167978 2.0 40000
1695867246647 2.0 44000
1695867324985 2.0 48000
1695867398891 2.0 52000
1695867471368 2.0 56000
1695867543843 2.0 60000
1695867616400 2.0 64000
1695867688788 2.0 68000
1695867761269 2.0 72000
1695867833773 2.0 76000
1695867906096 2.0 80000
1695867978769 2.0 84000
1695868051072 2.0 88000
1695868123310 2.0 92000
1695868195513 2.0 96000
1695868267616 2.0 100000
1695868339967 2.0 104000
1695868412205 2.0 108000
1695868484384 2.0 112000
1695868556690 2.0 116000
1695868628960 2.0 120000
1695868701684 2.0 124000
1695868774023 2.0 128000
1695868846400 2.0 132000
1695868918438 2.0 136000
1695868990759 2.0 140000
1695869062853 2.0 144000
1695869135085 2.0 148000
1695869207518 2.0 152000
1695869279601 2.0 156000
1695869351852 2.0 160000
1695869424264 2.0 164000
1695869496465 2.0 168000
1695869568889 2.0 172000
1695869641178 2.0 176000
1695869713401 2.0 180000
1695869785883 2.0 184000
1695869858584 2.0 188000
1695869931261 2.0 192000
1695870003604 2.0 196000
1695870076128 2.0 200000
1695870148361 2.0 204000
1695870220481 2.0 208000
1695870291282 2.0 212000
1695870363033 2.0 216000
1695870434956 2.0 220000
1695870507479 2.0 224000
1695870580588 2.0 228000
1695870653080 2.0 232000
1695870725438 2.0 236000
1695870797585 2.0 240000
1695870869896 2.0 244000
1695870942341 2.0 248000
1695871014903 2.0 252000
1695871087181 2.0 256000
1695871159363 2.0 260000
1695871231782 2.0 264000
1695871304432 2.0 268000
