1695863976021 479.5 4000
1695864053909 479.5 8000
1695864131988 479.5 12000
1695864210364 479.5 16000
1695864289234 479.5 20000
1695864367986 479.5 24000
1695864446646 479.5 28000
1695864524975 479.5 32000
1695864603049 479.5 36000
1695864681342 479.5 40000
1695864759823 479.5 44000
1695864838386 479.5 48000
1695864917203 479.5 52000
1695864995661 479.5 56000
1695865073887 479.5 60000
1695865152256 479.5 64000
1695865230459 479.5 68000
1695865308728 479.5 72000
1695865386832 479.5 76000
1695865465452 479.5 80000
1695865543627 479.5 84000
1695865622174 479.5 88000
1695865700544 479.5 92000
1695865778983 479.5 96000
1695865857328 479.5 100000
1695865935682 479.5 104000
1695866013986 479.5 108000
1695866092411 479.5 112000
1695866170774 479.5 116000
1695866249453 479.5 120000
