1695863976020 480.5 4000
1695864053908 1440.5 8000
1695864131987 2400.5 12000
1695864210363 3360.5 16000
1695864289234 4320.5 20000
1695864367985 5280.5 24000
1695864446645 6240.5 28000
1695864524974 7200.5 32000
1695864603049 8160.5 36000
1695864681341 9120.5 40000
1695864759823 10080.5 44000
1695864838385 11040.5 48000
1695864917202 12000.5 52000
1695864995661 12960.5 56000
1695865073886 13920.5 60000
1695865152255 14880.5 64000
1695865230458 15840.5 68000
1695865308728 16800.5 72000
1695865386831 17760.5 76000
1695865465452 18720.5 80000
1695865543626 19680.5 84000
1695865622174 20640.5 88000
1695865700544 21600.5 92000
1695865778982 22560.5 96000
1695865857328 23520.5 100000
1695865935681 24480.5 104000
1695866013985 25440.5 108000
1695866092411 26400.5 112000
1695866170774 27360.5 116000
1695866249452 28320.5 120000
