1695864210327 0.36020499999999794 16000
1695864289202 0.36020499999999794 20000
1695864367954 0.36020499999999794 24000
1695864446614 0.3897703964165165 28000
1695864524945 0.3897703964165165 32000
1695864603018 0.3897703964165165 36000
1695864681306 0.31883028744578545 40000
1695864759792 0.31883028744578545 44000
1695864838353 0.31883028744578545 48000
1695864917167 0.271172715584339 52000
1695864995628 0.271172715584339 56000
1695865073856 0.271172715584339 60000
1695865152225 0.24433817246747128 64000
1695865230426 0.24433817246747128 68000
1695865308696 0.2463805612426189 72000
1695865386802 0.2684581894143251 76000
1695865465420 0.2741123704728927 80000
1695865543595 0.268217085711042 84000
1695865622143 0.28035757274420886 88000
1695865700511 0.27688917469105107 92000
1695865778950 0.27620763701934614 96000
1695865857295 0.277050570653697 100000
1695865935649 0.26839677785466964 104000
1695866013953 0.26857089170831566 108000
1695866092380 0.267550502718733 112000
1695866170744 0.26559713587081746 116000
1695866249422 0.26530485965245687 120000
