1695864210327 0.7267719385589151 16000
1695864289202 0.7267719385589151 20000
1695864367954 0.7267719385589151 24000
1695864446614 0.8473412952553392 28000
1695864524945 0.8473412952553392 32000
1695864603018 0.8473412952553392 36000
1695864681306 0.9594920657862385 40000
1695864759791 0.9594920657862385 44000
1695864838352 0.9594920657862385 48000
1695864917167 1.0566351969029175 52000
1695864995628 1.0566351969029175 56000
1695865073856 1.0566351969029175 60000
1695865152225 1.1477571745992636 64000
1695865230426 1.1477571745992636 68000
1695865308695 1.1489368746071211 72000
1695865386801 1.1371023465446612 76000
1695865465420 1.1483114356718136 80000
1695865543595 1.1735638525102456 84000
1695865622143 1.1704641223752263 88000
1695865700510 1.1807662020495808 92000
1695865778950 1.1839764419899554 96000
1695865857294 1.1979991668207484 100000
1695865935649 1.2125387221454065 104000
1695866013953 1.2144665556722063 108000
1695866092379 1.2206175086059197 112000
1695866170743 1.2312447794421593 116000
1695866249422 1.2333925646990167 120000
