1695866460314 0.0 4000
1695866539247 0.0 8000
1695866617974 0.0 12000
1695866696198 0.0 16000
1695866774381 0.0 20000
1695866852864 0.0 24000
1695866931681 0.0 28000
1695867010548 0.0 32000
1695867089060 0.0 36000
1695867167963 0.0 40000
1695867246632 0.0 44000
1695867324970 0.0 48000
1695867398876 0.0 52000
1695867471352 0.0 56000
1695867543826 0.0 60000
1695867616384 0.0 64000
1695867688773 0.0 68000
1695867761253 0.0 72000
1695867833756 0.0 76000
1695867906079 0.0 80000
1695867978753 0.0 84000
1695868051054 0.0 88000
1695868123293 0.0 92000
1695868195498 0.0 96000
1695868267601 0.0 100000
1695868339952 0.0 104000
1695868412190 0.0 108000
1695868484368 0.0 112000
1695868556675 0.0 116000
1695868628946 0.0 120000
1695868701669 0.0 124000
1695868774008 0.0 128000
1695868846384 0.0 132000
1695868918421 0.0 136000
1695868990743 0.0 140000
1695869062836 0.0 144000
1695869135069 0.0 148000
1695869207501 0.0 152000
1695869279586 0.0 156000
1695869351836 0.0 160000
1695869424247 0.0 164000
1695869496451 0.0 168000
1695869568874 0.0 172000
1695869641159 0.0 176000
1695869713386 0.0 180000
1695869785869 0.0 184000
1695869858567 0.0 188000
1695869931244 0.0 192000
1695870003586 0.0 196000
1695870076110 0.0 200000
1695870148343 0.0 204000
1695870220467 0.0 208000
1695870291267 0.0 212000
1695870363017 0.0 216000
1695870434939 0.0 220000
1695870507464 0.0 224000
1695870580573 0.0 228000
1695870653063 0.0 232000
1695870725423 0.0 236000
1695870797569 0.0 240000
1695870869881 0.0 244000
1695870942324 0.0 248000
1695871014887 0.0 252000
1695871087165 0.0 256000
1695871159347 0.0 260000
1695871231767 0.0 264000
1695871304417 0.0 268000
