1695866460315 0.20000000000000004 4000
1695866539249 0.20000000000000004 8000
1695866617975 0.20000000000000004 12000
1695866696199 0.20000000000000004 16000
1695866774382 0.20000000000000004 20000
1695866852865 0.20000000000000004 24000
1695866931682 0.20000000000000004 28000
1695867010549 0.20000000000000004 32000
1695867089061 0.20000000000000004 36000
1695867167964 0.20000000000000004 40000
1695867246633 0.20000000000000004 44000
1695867324971 0.20000000000000004 48000
1695867398877 0.20000000000000004 52000
1695867471353 0.20000000000000004 56000
1695867543828 0.20000000000000004 60000
1695867616385 0.20000000000000004 64000
1695867688774 0.20000000000000004 68000
1695867761254 0.20000000000000004 72000
1695867833757 0.20000000000000004 76000
1695867906081 0.20000000000000004 80000
1695867978754 0.20000000000000004 84000
1695868051055 0.20000000000000004 88000
1695868123294 0.20000000000000004 92000
1695868195499 0.20000000000000004 96000
1695868267602 0.20000000000000004 100000
1695868339953 0.20000000000000004 104000
1695868412191 0.20000000000000004 108000
1695868484369 0.20000000000000004 112000
1695868556676 0.20000000000000004 116000
1695868628947 0.20000000000000004 120000
1695868701670 0.20000000000000004 124000
1695868774009 0.20000000000000004 128000
1695868846385 0.20000000000000004 132000
1695868918422 0.20000000000000004 136000
1695868990744 0.20000000000000004 140000
1695869062837 0.20000000000000004 144000
1695869135070 0.20000000000000004 148000
1695869207502 0.20000000000000004 152000
1695869279587 0.20000000000000004 156000
1695869351837 0.20000000000000004 160000
1695869424248 0.20000000000000004 164000
1695869496452 0.20000000000000004 168000
1695869568875 0.20000000000000004 172000
1695869641160 0.20000000000000004 176000
1695869713387 0.20000000000000004 180000
1695869785870 0.20000000000000004 184000
1695869858568 0.20000000000000004 188000
1695869931245 0.20000000000000004 192000
1695870003588 0.20000000000000004 196000
1695870076112 0.20000000000000004 200000
1695870148344 0.20000000000000004 204000
1695870220468 0.20000000000000004 208000
1695870291268 0.20000000000000004 212000
1695870363018 0.20000000000000004 216000
1695870434940 0.20000000000000004 220000
1695870507465 0.20000000000000004 224000
1695870580574 0.20000000000000004 228000
1695870653065 0.20000000000000004 232000
1695870725424 0.20000000000000004 236000
1695870797570 0.20000000000000004 240000
1695870869882 0.20000000000000004 244000
1695870942325 0.20000000000000004 248000
1695871014888 0.20000000000000004 252000
1695871087166 0.20000000000000004 256000
1695871159348 0.20000000000000004 260000
1695871231768 0.20000000000000004 264000
1695871304418 0.20000000000000004 268000
