1695866460316 5.0000000000000016e-05 4000
1695866539249 5.0000000000000016e-05 8000
1695866617976 5.0000000000000016e-05 12000
1695866696199 5.0000000000000016e-05 16000
1695866774382 5.0000000000000016e-05 20000
1695866852866 5.0000000000000016e-05 24000
1695866931682 5.0000000000000016e-05 28000
1695867010550 5.0000000000000016e-05 32000
1695867089062 5.0000000000000016e-05 36000
1695867167965 5.0000000000000016e-05 40000
1695867246634 5.0000000000000016e-05 44000
1695867324972 5.0000000000000016e-05 48000
1695867398877 5.0000000000000016e-05 52000
1695867471354 5.0000000000000016e-05 56000
1695867543828 5.0000000000000016e-05 60000
1695867616386 5.0000000000000016e-05 64000
1695867688774 5.0000000000000016e-05 68000
1695867761255 5.0000000000000016e-05 72000
1695867833757 5.0000000000000016e-05 76000
1695867906081 5.0000000000000016e-05 80000
1695867978755 5.0000000000000016e-05 84000
1695868051056 5.0000000000000016e-05 88000
1695868123295 5.0000000000000016e-05 92000
1695868195500 5.0000000000000016e-05 96000
1695868267602 5.0000000000000016e-05 100000
1695868339953 5.0000000000000016e-05 104000
1695868412192 5.0000000000000016e-05 108000
1695868484370 5.0000000000000016e-05 112000
1695868556676 5.0000000000000016e-05 116000
1695868628947 5.0000000000000016e-05 120000
1695868701671 5.0000000000000016e-05 124000
1695868774009 5.0000000000000016e-05 128000
1695868846386 5.0000000000000016e-05 132000
1695868918422 5.0000000000000016e-05 136000
1695868990744 5.0000000000000016e-05 140000
1695869062838 5.0000000000000016e-05 144000
1695869135071 5.0000000000000016e-05 148000
1695869207503 5.0000000000000016e-05 152000
1695869279588 5.0000000000000016e-05 156000
1695869351838 5.0000000000000016e-05 160000
1695869424249 5.0000000000000016e-05 164000
1695869496452 5.0000000000000016e-05 168000
1695869568876 5.0000000000000016e-05 172000
1695869641160 5.0000000000000016e-05 176000
1695869713388 5.0000000000000016e-05 180000
1695869785870 5.0000000000000016e-05 184000
1695869858569 5.0000000000000016e-05 188000
1695869931246 5.0000000000000016e-05 192000
1695870003588 5.0000000000000016e-05 196000
1695870076112 5.0000000000000016e-05 200000
1695870148345 5.0000000000000016e-05 204000
1695870220468 5.0000000000000016e-05 208000
1695870291269 5.0000000000000016e-05 212000
1695870363019 5.0000000000000016e-05 216000
1695870434941 5.0000000000000016e-05 220000
1695870507466 5.0000000000000016e-05 224000
1695870580575 5.0000000000000016e-05 228000
1695870653065 5.0000000000000016e-05 232000
1695870725425 5.0000000000000016e-05 236000
1695870797571 5.0000000000000016e-05 240000
1695870869882 5.0000000000000016e-05 244000
1695870942326 5.0000000000000016e-05 248000
1695871014889 5.0000000000000016e-05 252000
1695871087166 5.0000000000000016e-05 256000
1695871159349 5.0000000000000016e-05 260000
1695871231768 5.0000000000000016e-05 264000
1695871304418 5.0000000000000016e-05 268000
