1695866460321 0.01 4000
1695866539254 0.01 8000
1695866617979 0.01 12000
1695866696202 0.01 16000
1695866774385 0.01 20000
1695866852869 0.01 24000
1695866931686 0.01 28000
1695867010553 0.01 32000
1695867089065 0.01 36000
1695867167968 0.01 40000
1695867246637 0.01 44000
1695867324976 0.01 48000
1695867398881 0.01 52000
1695867471358 0.01 56000
1695867543833 0.01 60000
1695867616389 0.01 64000
1695867688778 0.01 68000
1695867761259 0.01 72000
1695867833761 0.01 76000
1695867906085 0.01 80000
1695867978759 0.01 84000
1695868051060 0.01 88000
1695868123299 0.01 92000
1695868195503 0.01 96000
1695868267606 0.01 100000
1695868339957 0.01 104000
1695868412195 0.01 108000
1695868484374 0.01 112000
1695868556680 0.01 116000
1695868628951 0.01 120000
1695868701674 0.01 124000
1695868774012 0.01 128000
1695868846389 0.01 132000
1695868918426 0.01 136000
1695868990748 0.01 140000
1695869062842 0.01 144000
1695869135074 0.01 148000
1695869207506 0.01 152000
1695869279591 0.01 156000
1695869351841 0.01 160000
1695869424252 0.01 164000
1695869496456 0.01 168000
1695869568879 0.01 172000
1695869641164 0.01 176000
1695869713391 0.01 180000
1695869785873 0.01 184000
1695869858573 0.01 188000
1695869931250 0.01 192000
1695870003592 0.01 196000
1695870076117 0.01 200000
1695870148349 0.01 204000
1695870220471 0.01 208000
1695870291272 0.01 212000
1695870363022 0.01 216000
1695870434945 0.01 220000
1695870507469 0.01 224000
1695870580578 0.01 228000
1695870653069 0.01 232000
1695870725428 0.01 236000
1695870797574 0.01 240000
1695870869886 0.01 244000
1695870942330 0.01 248000
1695871014892 0.01 252000
1695871087170 0.01 256000
1695871159352 0.01 260000
1695871231772 0.01 264000
1695871304422 0.01 268000
