1695866460320 1.9350395135581493 4000
1695866539253 1.916116946314772 8000
1695866617979 1.901806133116285 12000
1695866696202 1.8643587602923313 16000
1695866774385 1.8558685299009086 20000
1695866852869 1.8487355745087066 24000
1695866931685 1.8236538196603458 28000
1695867010552 1.8096752577771744 32000
1695867089065 1.8231242518872022 36000
1695867167968 1.8087177178512017 40000
1695867246637 1.8076911579817534 44000
1695867324975 1.7809458327790102 48000
1695867398881 1.7427293731520572 52000
1695867471357 1.7589180391281842 56000
1695867543832 1.7252451325456302 60000
1695867616389 1.7233740732073783 64000
1695867688777 1.7018088174362977 68000
1695867761258 1.6873814675956964 72000
1695867833761 1.6768984561165174 76000
1695867906084 1.6557404726743699 80000
1695867978758 1.6705589776237806 84000
1695868051059 1.6568228335430224 88000
1695868123298 1.6064185995608569 92000
1695868195503 1.5997611397256455 96000
1695868267606 1.595131552964449 100000
1695868339956 1.5974494890620312 104000
1695868412195 1.592326755076647 108000
1695868484373 1.5662186740587154 112000
1695868556679 1.5338381982098024 116000
1695868628950 1.5188181787729262 120000
1695868701673 1.4887190443774065 124000
1695868774012 1.5148307450115681 128000
1695868846389 1.4662349954247476 132000
1695868918426 1.445982217291991 136000
1695868990748 1.4430640800545613 140000
1695869062841 1.3826623187710843 144000
1695869135074 1.3565828399111828 148000
1695869207506 1.3736108222355445 152000
1695869279591 1.3659375416735808 156000
1695869351841 1.356260914603869 160000
1695869424252 1.3362103171646595 164000
1695869496455 1.309842624515295 168000
1695869568879 1.3264772700766723 172000
1695869641164 1.317351753388842 176000
1695869713391 1.324424695596099 180000
1695869785873 1.3197918978830179 184000
1695869858572 1.3291094658275446 188000
1695869931249 1.34961829247574 192000
1695870003592 1.292124000315865 196000
1695870076116 1.2944313048074643 200000
1695870148349 1.2731280906746785 204000
1695870220471 1.3022308797885975 208000
1695870291272 1.2857051633298398 212000
1695870363022 1.2685040317475795 216000
1695870434944 1.283909378076593 220000
1695870507469 1.2743704977134864 224000
1695870580578 1.2090492822229861 228000
1695870653069 1.2514694689462582 232000
1695870725428 1.2591698594391345 236000
1695870797574 1.2044011981536944 240000
1695870869885 1.2367443117002646 244000
1695870942329 1.1803427911053102 248000
1695871014892 1.249753785505891 252000
1695871087169 1.2230984852959712 256000
1695871159352 1.2078405649711688 260000
1695871231771 1.2134068763504426 264000
1695871304421 1.175248576203982 268000
