1695866460315 0.5994225210820635 4000
1695866539248 0.7360896365717053 8000
1695866617975 0.8208330197570225 12000
1695866696198 0.9076446230833729 16000
1695866774381 0.9254697481480737 20000
1695866852865 0.9810294376375774 24000
1695866931681 1.0752143014843265 28000
1695867010549 1.1334800424054265 32000
1695867089061 1.1105158069481453 36000
1695867167964 1.208628855397304 40000
1695867246633 1.276544576138258 44000
1695867324970 1.3098516687750816 48000
1695867398876 1.3317369868357976 52000
1695867471353 1.3068532297387718 56000
1695867543827 1.2982001806919774 60000
1695867616385 1.2602186451355617 64000
1695867688773 1.4298513881241282 68000
1695867761254 1.3934827202931046 72000
1695867833756 1.4196108302101493 76000
1695867906080 1.322613919340074 80000
1695867978754 1.452245172051092 84000
1695868051055 1.5264439943556984 88000
1695868123294 1.5673549165949225 92000
1695868195499 1.5042320870483914 96000
1695868267601 1.5461232343067726 100000
1695868339952 1.48004446287329 104000
1695868412191 1.478543758454422 108000
1695868484369 1.5419446530441443 112000
1695868556675 1.4711716897785663 116000
1695868628946 1.362993217135469 120000
1695868701670 1.3530934299652775 124000
1695868774008 1.4575572825036942 128000
1695868846385 1.5716972699388863 132000
1695868918421 1.5500824213648836 136000
1695868990743 1.6231666223456462 140000
1695869062836 1.796014169914027 144000
1695869135069 1.3362003137047092 148000
1695869207502 1.6993865946618218 152000
1695869279587 1.7034393406783541 156000
1695869351837 1.6931233111768962 160000
1695869424248 1.6134601911529898 164000
1695869496451 1.4491799745708704 168000
1695869568875 1.4881633100410303 172000
1695869641159 1.4227105115850767 176000
1695869713387 1.2859514217823744 180000
1695869785869 1.5894813728829225 184000
1695869858567 1.3295291950615744 188000
1695869931245 1.4330774520834286 192000
1695870003587 1.5604555466522774 196000
1695870076111 1.3401187705186506 200000
1695870148344 1.5022839300955335 204000
1695870220467 1.5044113356930515 208000
1695870291268 1.704196366512527 212000
1695870363017 1.7453338449199995 216000
1695870434940 1.5838715296238661 220000
1695870507465 1.634257921917985 224000
1695870580574 1.5591352072854836 228000
1695870653064 1.454176318241904 232000
1695870725424 1.7530988939727346 236000
1695870797570 1.6424412617459894 240000
1695870869881 1.797091513623794 244000
1695870942324 1.07453059181571 248000
1695871014888 1.3067688971447449 252000
1695871087165 1.7824031429986158 256000
1695871159348 1.6868983461832008 260000
1695871231767 1.8114828879013658 264000
1695871304417 1.7541551059111953 268000
