1695866460320 0.010905488120303432 4000
1695866539252 0.01309607289887893 8000
1695866617978 0.00751270382626501 12000
1695866696202 0.013081600400923795 16000
1695866774384 0.011505454229955744 20000
1695866852868 0.010706317909402888 24000
1695866931685 0.012855716388281153 28000
1695867010552 0.011604263337060654 32000
1695867089064 0.010245830434629491 36000
1695867167967 0.0124405216201321 40000
1695867246636 0.013950542526175084 44000
1695867324975 0.011696057237127659 48000
1695867398880 0.011457556829790405 52000
1695867471357 0.012403207085921493 56000
1695867543831 0.012178898921207404 60000
1695867616388 0.011781801331813823 64000
1695867688777 0.012333208030203876 68000
1695867761258 0.011432970346184755 72000
1695867833760 0.011360440322371542 76000
1695867906084 0.01258740910744004 80000
1695867978758 0.013879557069785577 84000
1695868051058 0.0129841189997467 88000
1695868123298 0.014138816980982996 92000
1695868195502 0.010657817416197805 96000
1695868267605 0.011567516804303169 100000
1695868339956 0.009924408378421398 104000
1695868412194 0.014485235705911951 108000
1695868484372 0.011929820844102174 112000
1695868556679 0.009910977101549178 116000
1695868628950 0.012420812756665988 120000
1695868701673 0.007841417590628393 124000
1695868774012 0.011034096680222002 128000
1695868846388 0.01417920644575285 132000
1695868918425 0.011258777494855543 136000
1695868990747 0.013598614721079125 140000
1695869062840 0.012840332272815136 144000
1695869135073 0.01037878314961149 148000
1695869207505 0.010373480928289306 152000
1695869279590 0.014933662389147078 156000
1695869351840 0.011299250487744909 160000
1695869424251 0.009339487485298588 164000
1695869496455 0.011312641346103706 168000
1695869568878 0.009521709993518358 172000
1695869641163 0.01140910031454155 176000
1695869713390 0.007614476290268612 180000
1695869785873 0.009998601146044924 184000
1695869858571 0.009833505842052502 188000
1695869931249 0.010302540687940315 192000
1695870003591 0.012699281424899617 196000
1695870076115 0.01016209131596824 200000
1695870148348 0.012712208112060717 204000
1695870220471 0.011492769855262224 208000
1695870291271 0.00910948489944593 212000
1695870363021 0.014177986399055582 216000
1695870434944 0.012020558850364675 220000
1695870507468 0.007915839076683662 224000
1695870580577 0.00835575518603188 228000
1695870653068 0.009079743953539396 232000
1695870725427 0.01012041031501579 236000
1695870797573 0.010632802392446319 240000
1695870869885 0.008209356157209413 244000
1695870942328 0.009689154477964701 248000
1695871014891 0.007121036501391279 252000
1695871087169 0.008475755171348404 256000
1695871159351 0.010242146599534584 260000
1695871231771 0.008553858392071744 264000
1695871304421 0.010426207180657891 268000
