1695866460318 -0.01689604377267339 4000
1695866539251 -0.01665839026827598 8000
1695866617977 -0.013716868504949768 12000
1695866696200 -0.0195868381037144 16000
1695866774383 -0.018978408232699924 20000
1695866852867 -0.019188270573795307 24000
1695866931683 -0.020438528781717955 28000
1695867010551 -0.01938732551158561 32000
1695867089063 -0.015091246393179365 36000
1695867167966 -0.022608294693539695 40000
1695867246635 -0.021362095786510812 44000
1695867324973 -0.018131257820641622 48000
1695867398879 -0.020325054812807743 52000
1695867471355 -0.01847545031851041 56000
1695867543830 -0.020600895253786198 60000
1695867616387 -0.019154696997914774 64000
1695867688775 -0.01866861902963137 68000
1695867761256 -0.020404778308875392 72000
1695867833759 -0.01832980839632607 76000
1695867906082 -0.023023619778784147 80000
1695867978756 -0.018205492890653357 84000
1695868051057 -0.01951012331119273 88000
1695868123296 -0.023023247081922212 92000
1695868195501 -0.018566367698804244 96000
1695868267604 -0.01912540766594854 100000
1695868339954 -0.016911108659405726 104000
1695868412193 -0.0247178635004578 108000
1695868484371 -0.016246753321320286 112000
1695868556677 -0.01883227382932091 116000
1695868628948 -0.02390451869747873 120000
1695868701672 -0.013097833965851654 124000
1695868774010 -0.02079731331541552 128000
1695868846387 -0.02525679243456883 132000
1695868918423 -0.013621285210441177 136000
1695868990746 -0.020982698185252956 140000
1695869062839 -0.02433172699966235 144000
1695869135072 -0.021407625248199717 148000
1695869207504 -0.015098788707594698 152000
1695869279589 -0.0208534387362306 156000
1695869351839 -0.018776629751664588 160000
1695869424250 -0.01580081386055099 164000
1695869496453 -0.01759202659595758 168000
1695869568877 -0.014552817475729778 172000
1695869641162 -0.018738457298119706 176000
1695869713389 -0.012843691665815034 180000
1695869785871 -0.017800921671247732 184000
1695869858570 -0.011221140536872554 188000
1695869931247 -0.01680013429237685 192000
1695870003589 -0.020375404079580526 196000
1695870076114 -0.010440100655250717 200000
1695870148346 -0.020320500286228102 204000
1695870220469 -0.014690194760623854 208000
1695870291270 -0.013149714873118985 212000
1695870363020 -0.02316502773974207 216000
1695870434942 -0.01861596732705948 220000
1695870507467 -0.012458081494454138 224000
1695870580576 -0.015725175356783437 228000
1695870653066 -0.015011521424579162 232000
1695870725426 -0.018061079990972454 236000
1695870797572 -0.020872154666722053 240000
1695870869883 -0.015177172600427486 244000
1695870942327 -0.014532060009029617 248000
1695871014890 -0.01168345456693108 252000
1695871087167 -0.013782325430050453 256000
1695871159350 -0.02455545990887913 260000
1695871231769 -0.016046641576879968 264000
1695871304419 -0.02054977383474276 268000
