1695866460317 -0.024107205669376224 4000
1695866539250 -0.03127961565818017 8000
1695866617976 -0.030823704565106406 12000
1695866696200 -0.03355954076796479 16000
1695866774383 -0.034517923083906984 20000
1695866852866 -0.03451948821123854 24000
1695866931683 -0.03564017571934528 28000
1695867010550 -0.034277890280645804 32000
1695867089062 -0.028227797025222875 36000
1695867167965 -0.0364787911493598 40000
1695867246634 -0.035572424856218275 44000
1695867324972 -0.03276403678507146 48000
1695867398878 -0.03422502948797046 52000
1695867471354 -0.033135145264532186 56000
1695867543829 -0.0349243142032113 60000
1695867616386 -0.03374848217257143 64000
1695867688775 -0.031033438424735018 68000
1695867761256 -0.03419750971503769 72000
1695867833758 -0.03246536565226658 76000
1695867906082 -0.03548146851632434 80000
1695867978755 -0.03142369666412984 84000
1695868051056 -0.03162299380965124 88000
1695868123295 -0.034881867001846936 92000
1695868195500 -0.03172521552714898 96000
1695868267603 -0.03247311287547442 100000
1695868339954 -0.030589282262008057 104000
1695868412192 -0.037508812133940715 108000
1695868484370 -0.029411278426656886 112000
1695868556677 -0.0320649340631159 116000
1695868628948 -0.03650201985874446 120000
1695868701671 -0.02631405870245847 124000
1695868774010 -0.033285144315110905 128000
1695868846386 -0.03688226168354352 132000
1695868918423 -0.02568720585598688 136000
1695868990745 -0.03256500401451679 140000
1695869062838 -0.03548729888195036 144000
1695869135071 -0.03281432802298999 148000
1695869207503 -0.02626432443636683 152000
1695869279589 -0.031460742830313394 156000
1695869351838 -0.03004124271149825 160000
1695869424249 -0.02726211912055684 164000
1695869496453 -0.028378493430742915 168000
1695869568876 -0.02547649380103394 172000
1695869641161 -0.02956972535503155 176000
1695869713388 -0.024289899496579892 180000
1695869785871 -0.02890246384619483 184000
1695869858569 -0.02238527273827155 188000
1695869931247 -0.028058566541100543 192000
1695870003589 -0.03071271530946736 196000
1695870076113 -0.02109901466659115 200000
1695870148346 -0.03046360170786405 204000
1695870220469 -0.024692066550839324 208000
1695870291269 -0.023893281937065088 212000
1695870363019 -0.032927714921728087 216000
1695870434942 -0.028595704116499594 220000
1695870507466 -0.023191958962767482 224000
1695870580575 -0.026073732528675463 228000
1695870653066 -0.02540224946666664 232000
1695870725425 -0.028568509393153363 236000
1695870797571 -0.030767500561099344 240000
1695870869883 -0.025864089276607653 244000
1695870942326 -0.02432731175443526 248000
1695871014890 -0.022515220598446226 252000
1695871087167 -0.02414784240912316 256000
1695871159349 -0.034465665542908634 260000
1695871231769 -0.026448852760828836 264000
1695871304419 -0.030204009187218616 268000
