1695866460319 -0.08884449992328883 4000
1695866539252 0.06744158770889044 8000
1695866617978 -0.43565865444640317 12000
1695866696201 0.4265672481308381 16000
1695866774384 0.18778257711480062 20000
1695866852868 0.25775861653188864 24000
1695866931684 0.5347442629436652 28000
1695867010552 0.6383062667523821 32000
1695867089064 0.4938863324622313 36000
1695867167967 0.6849628589426477 40000
1695867246636 0.44147570841014383 44000
1695867324974 0.6930883219465613 48000
1695867398880 0.7875033302232624 52000
1695867471356 0.6643988284592827 56000
1695867543831 0.837405555571119 60000
1695867616388 0.8276356614505251 64000
1695867688776 0.6505606169501941 68000
1695867761257 0.8549643296127518 72000
1695867833760 0.7598460853099823 76000
1695867906083 0.4916794078424573 80000
1695867978757 0.5947879562775295 84000
1695868051058 0.6345212748274207 88000
1695868123297 0.707132566658159 92000
1695868195502 0.6181936144828797 96000
1695868267605 0.4207766187066833 100000
1695868339955 0.706877393523852 104000
1695868412194 0.8638119611268242 108000
1695868484372 0.277102065893511 112000
1695868556678 0.7953443344061574 116000
1695868628949 0.21949344215293726 120000
1695868701673 0.622147970336179 124000
1695868774011 0.7718768599753578 128000
1695868846388 0.8408922053252658 132000
1695868918424 0.7998624809086323 136000
1695868990747 0.7864108577370643 140000
1695869062840 0.7747333178917567 144000
1695869135073 0.8774412616466483 148000
1695869207505 0.7976952953264117 152000
1695869279590 0.6653351463377476 156000
1695869351840 0.39576120482136806 160000
1695869424251 0.18914347731818756 164000
1695869496454 0.7333383242910106 168000
1695869568878 0.7436535524825255 172000
1695869641163 0.9256523587430517 176000
1695869713390 0.7545789731666446 180000
1695869785872 0.8673640344291925 184000
1695869858571 0.7649858943497141 188000
1695869931248 0.8360263550033172 192000
1695870003591 0.8807886994133393 196000
1695870076115 0.5351508405059576 200000
1695870148347 0.722501733712852 204000
1695870220470 0.7751680808141828 208000
1695870291271 0.7891780281439423 212000
1695870363021 0.8846473064273596 216000
1695870434943 0.8516540001456936 220000
1695870507468 0.8709579865137737 224000
1695870580577 0.8472949722781777 228000
1695870653067 0.7776938057194154 232000
1695870725427 0.7265027159204086 236000
1695870797573 0.7215722828482588 240000
1695870869884 0.8142568492641051 244000
1695870942328 0.7860167756055793 248000
1695871014891 0.8549783746401469 252000
1695871087168 0.8919972790405154 256000
1695871159351 0.8942400880157948 260000
1695871231770 0.5078184110422929 264000
1695871304420 0.051469704632957775 268000
