1695866460318 0.019916269087116235 4000
1695866539251 0.0038414581273779427 8000
1695866617977 0.0008173671037790579 12000
1695866696201 0.004109128743584734 16000
1695866774384 0.001436158239539509 20000
1695866852867 0.002029747339050421 24000
1695866931684 0.0009274930645612282 28000
1695867010551 0.0017706690838470726 32000
1695867089063 0.00609105064055863 36000
1695867167966 0.0034571523027504252 40000
1695867246635 0.0021529455936009374 44000
1695867324973 0.0016749358280018594 48000
1695867398879 0.0024716153257031692 52000
1695867471355 0.0008976875729634534 56000
1695867543830 0.000986503784300415 60000
1695867616387 0.0005671896030889911 64000
1695867688776 0.004373253770851685 68000
1695867761257 0.001588977620182656 72000
1695867833759 0.0007226779704978981 76000
1695867906083 0.0031641483558208466 80000
1695867978756 0.0014229471905309766 84000
1695868051057 0.0037170670280223324 88000
1695868123296 0.002755604007021854 92000
1695868195501 0.001414400104734644 96000
1695868267604 0.0005802118293862198 100000
1695868339955 0.0006228788432963483 104000
1695868412193 0.0004705418836692843 108000
1695868484371 0.0002233935060000173 112000
1695868556678 0.00024705129820479975 116000
1695868628949 0.00021303641892700398 120000
1695868701672 0.00020536508618154887 124000
1695868774011 0.0009073136324180571 128000
1695868846387 0.0004020767267472062 132000
1695868918424 0.00028429049816243907 136000
1695868990746 0.0002572251819894215 140000
1695869062839 0.000205970763587023 144000
1695869135072 0.0001667373540679288 148000
1695869207504 0.000991752960536966 152000
1695869279589 0.00013067769913466994 156000
1695869351839 7.629299194983711e-05 160000
1695869424250 6.579977606596306e-05 164000
1695869496454 9.88624950442348e-05 168000
1695869568877 0.0008735083222821534 172000
1695869641162 0.00012085849592532819 176000
1695869713389 0.0005502879064958204 180000
1695869785872 0.00019331326960051834 184000
1695869858570 0.0003205210423364709 188000
1695869931248 0.0003544857612155283 192000
1695870003590 8.814447146884655e-05 196000
1695870076114 0.0005059609888292016 200000
1695870148347 9.147555598853311e-05 204000
1695870220470 0.001443765098588301 208000
1695870291270 0.0005831748936846755 212000
1695870363020 0.00017351157804341711 216000
1695870434943 0.0009104901890244339 220000
1695870507467 0.0008533187659774436 224000
1695870580576 0.00014156920879599967 228000
1695870653067 0.0006160344461553298 232000
1695870725426 0.00012037302830473588 236000
1695870797572 4.421196949901211e-05 240000
1695870869884 7.730929601924193e-05 244000
1695870942327 0.0001406880829070663 248000
1695871014891 0.0004831295153034413 252000
1695871087168 0.00034063390583393506 256000
1695871159350 0.00023954053732874552 260000
1695871231770 4.217145936517378e-05 264000
1695871304420 2.6018411585463733e-05 268000
