1695863976023 1.0 4000
1695864053911 1.0 8000
1695864131989 1.0 12000
1695864210365 1.0 16000
1695864289236 1.0 20000
1695864367987 1.0 24000
1695864446647 1.0 28000
1695864524976 1.0 32000
1695864603051 1.0 36000
1695864681344 1.0 40000
1695864759825 1.0 44000
1695864838388 1.0 48000
1695864917204 1.0 52000
1695864995663 1.0 56000
1695865073888 1.0 60000
1695865152257 1.0 64000
1695865230461 1.0 68000
1695865308730 1.0 72000
1695865386833 1.0 76000
1695865465454 1.0 80000
1695865543628 1.0 84000
1695865622176 1.0 88000
1695865700546 1.0 92000
1695865778984 1.0 96000
1695865857330 1.0 100000
1695865935683 1.0 104000
1695866013987 1.0 108000
1695866092413 1.0 112000
1695866170776 1.0 116000
1695866249454 1.0 120000
