1695862722071 nan 4000
1695862798858 nan 8000
1695862875966 1.9052124085440607 12000
1695862953882 1.1755268745074996 16000
1695863032315 1.1755268745074996 20000
1695863111865 1.2389987528356108 24000
1695863190479 1.2547150098943523 28000
1695863268809 1.3529322981931546 32000
1695863347161 1.4073529280402828 36000
1695863425414 1.5013997257645046 40000
1695863503419 1.5346634405317165 44000
1695863582039 1.5515760635390103 48000
1695863661770 1.5446585731578295 52000
1695863740464 1.6193725165489883 56000
