1695862722070 nan 4000
1695862798857 nan 8000
1695862875965 1.9052124085440607 12000
1695862953881 2.222281250000001 16000
1695863032313 2.222281250000001 20000
1695863111863 2.222281250000001 24000
1695863190478 2.4278312500000006 28000
1695863268808 2.641068237816172 32000
1695863347160 2.641068237816172 36000
1695863425413 2.6884276128161706 40000
1695863503418 2.6884276128161706 44000
1695863582037 2.6884276128161706 48000
1695863661769 2.6884276128161706 52000
1695863740463 2.9068963628161706 56000
