1695862722071 nan 4000
1695862798858 nan 8000
1695862875966 1.9052124085440607 12000
1695862953882 0.03849999999999959 16000
1695863032314 0.03849999999999959 20000
1695863111864 0.03849999999999959 24000
1695863190478 0.03849999999999959 28000
1695863268809 0.03849999999999959 32000
1695863347160 0.03849999999999959 36000
1695863425414 0.03849999999999959 40000
1695863503418 0.03849999999999959 44000
1695863582038 0.03849999999999959 48000
1695863661770 0.03849999999999959 52000
1695863740463 0.03849999999999959 56000
