1695862722079 52.05248331856821 4000
1695862798864 52.225720449238516 8000
1695862875972 51.98669700574177 12000
1695862953889 51.502980491326156 16000
1695863032321 51.16313702847149 20000
1695863111871 50.44541401104012 24000
1695863190485 51.039058434859555 28000
1695863268815 51.225737149767006 32000
1695863347168 51.211207765361586 36000
1695863425420 51.27479394480628 40000
1695863503425 51.45333292163836 44000
1695863582045 51.03724262576476 48000
1695863661776 50.322004794221286 52000
1695863740470 50.98712346910451 56000
