1695862722083 76.8468291759491 4000
1695862798868 76.5920832157135 8000
1695862875976 76.94428706169128 12000
1695862953893 77.66735625267029 16000
1695863032325 78.18302392959595 20000
1695863111875 79.29534983634949 24000
1695863190489 78.37352085113525 28000
1695863268819 78.08778381347656 32000
1695863347172 78.10996294021606 36000
1695863425424 78.01344704627991 40000
1695863503429 77.74270606040955 44000
1695863582048 78.37637519836426 48000
1695863661780 79.4905641078949 52000
1695863740474 78.45380187034607 56000
