1695862722084 76.8468291759491 4000
1695862798868 153.4389123916626 8000
1695862875976 230.38319945335388 12000
1695862953894 308.05055570602417 16000
1695863032326 386.2335796356201 20000
1695863111876 465.5289294719696 24000
1695863190490 543.9024503231049 28000
1695863268820 621.9902341365814 32000
1695863347172 700.1001970767975 36000
1695863425424 778.1136441230774 40000
1695863503429 855.8563501834869 44000
1695863582049 934.2327253818512 48000
1695863661780 1013.7232894897461 52000
1695863740474 1092.1770913600922 56000
