1695864210342 0.021038055419921875 16000
1695864289214 0.021038055419921875 20000
1695864367966 0.021038055419921875 24000
1695864446626 0.021326541900634766 28000
1695864524956 0.021326541900634766 32000
1695864603030 0.021326541900634766 36000
1695864681320 0.021045605341593426 40000
1695864759803 0.021045605341593426 44000
1695864838365 0.021045605341593426 48000
1695864917181 0.02081364393234253 52000
1695864995641 0.02081364393234253 56000
1695865073868 0.02081364393234253 60000
1695865152236 0.022177696228027344 64000
1695865230438 0.022177696228027344 68000
1695865308708 0.02211285572425992 72000
1695865386813 0.022123698835019714 76000
1695865465432 0.02210378646850586 80000
1695865543606 0.02211488661218862 84000
1695865622155 0.02204748300405649 88000
1695865700523 0.02194864409310477 92000
1695865778961 0.02193786728550011 96000
1695865857307 0.02186314479724781 100000
1695865935662 0.021790415048599243 104000
1695866013965 0.021768793647671925 108000
1695866092392 0.021823673021225704 112000
1695866170755 0.021749337514241535 116000
1695866249433 0.02173001949603741 120000
