1695864210342 0.0017273426055908203 16000
1695864289214 0.0017273426055908203 20000
1695864367966 0.0017273426055908203 24000
1695864446627 0.0017625093460083008 28000
1695864524957 0.0017625093460083008 32000
1695864603030 0.0017625093460083008 36000
1695864681320 0.001729726791381836 40000
1695864759804 0.001729726791381836 44000
1695864838365 0.001729726791381836 48000
1695864917181 0.0017008185386657715 52000
1695864995641 0.0017008185386657715 56000
1695865073868 0.0017008185386657715 60000
1695865152236 0.0016856193542480469 64000
1695865230439 0.0016856193542480469 68000
1695865308709 0.0016843571382410387 72000
1695865386813 0.0016812924985532408 76000
1695865465433 0.0016750892003377278 80000
1695865543606 0.0016736202552670339 84000
1695865622155 0.0016727814307579626 88000
1695865700523 0.0016631398882184709 92000
1695865778962 0.0016649004439233054 96000
1695865857307 0.001666030368289432 100000
1695865935662 0.0016675889492034912 104000
1695866013966 0.001667163990162037 108000
1695866092392 0.00166339533669608 112000
1695866170756 0.0016570091247558594 116000
1695866249434 0.0016567471263172861 120000
