1695866460311 479.5 4000
1695866539245 479.5 8000
1695866617972 479.5 12000
1695866696196 479.5 16000
1695866774378 479.5 20000
1695866852863 479.5 24000
1695866931678 479.5 28000
1695867010546 479.5 32000
1695867089058 479.5 36000
1695867167961 479.5 40000
1695867246630 479.5 44000
1695867324968 479.5 48000
1695867398874 479.5 52000
1695867471350 479.5 56000
1695867543824 479.5 60000
1695867616382 479.5 64000
1695867688771 479.5 68000
1695867761251 479.5 72000
1695867833754 479.5 76000
1695867906077 479.5 80000
1695867978751 479.5 84000
1695868051052 479.5 88000
1695868123291 479.5 92000
1695868195496 479.5 96000
1695868267599 479.5 100000
1695868339950 479.5 104000
1695868412188 479.5 108000
1695868484366 479.5 112000
1695868556673 479.5 116000
1695868628944 479.5 120000
1695868701667 479.5 124000
1695868774006 479.5 128000
1695868846382 479.5 132000
1695868918419 479.5 136000
1695868990740 479.5 140000
1695869062834 479.5 144000
1695869135067 479.5 148000
1695869207499 479.5 152000
1695869279584 479.5 156000
1695869351832 479.5 160000
1695869424245 479.5 164000
1695869496449 479.5 168000
1695869568872 479.5 172000
1695869641156 479.5 176000
1695869713384 479.5 180000
1695869785867 479.5 184000
1695869858565 479.5 188000
1695869931242 479.5 192000
1695870003584 479.5 196000
1695870076108 479.5 200000
1695870148341 479.5 204000
1695870220465 479.5 208000
1695870291265 479.5 212000
1695870363015 479.5 216000
1695870434937 479.5 220000
1695870507462 479.5 224000
1695870580571 479.5 228000
1695870653061 479.5 232000
1695870725421 479.5 236000
1695870797567 479.5 240000
1695870869879 479.5 244000
1695870942321 479.5 248000
1695871014885 479.5 252000
1695871087162 479.5 256000
1695871159345 479.5 260000
1695871231765 479.5 264000
1695871304415 479.5 268000
