1695866460311 480.5 4000
1695866539244 1440.5 8000
1695866617972 2400.5 12000
1695866696196 3360.5 16000
1695866774378 4320.5 20000
1695866852862 5280.5 24000
1695866931678 6240.5 28000
1695867010546 7200.5 32000
1695867089058 8160.5 36000
1695867167961 9120.5 40000
1695867246630 10080.5 44000
1695867324967 11040.5 48000
1695867398873 12000.5 52000
1695867471349 12960.5 56000
1695867543824 13920.5 60000
1695867616382 14880.5 64000
1695867688770 15840.5 68000
1695867761251 16800.5 72000
1695867833753 17760.5 76000
1695867906076 18720.5 80000
1695867978751 19680.5 84000
1695868051052 20640.5 88000
1695868123290 21600.5 92000
1695868195496 22560.5 96000
1695868267598 23520.5 100000
1695868339949 24480.5 104000
1695868412187 25440.5 108000
1695868484365 26400.5 112000
1695868556672 27360.5 116000
1695868628943 28320.5 120000
1695868701667 29280.5 124000
1695868774005 30240.5 128000
1695868846382 31200.5 132000
1695868918418 32160.5 136000
1695868990740 33120.5 140000
1695869062833 34080.5 144000
1695869135066 35040.5 148000
1695869207498 36000.5 152000
1695869279584 36960.5 156000
1695869351831 37920.5 160000
1695869424244 38880.5 164000
1695869496448 39840.5 168000
1695869568872 40800.5 172000
1695869641156 41760.5 176000
1695869713383 42720.5 180000
1695869785866 43680.5 184000
1695869858564 44640.5 188000
1695869931242 45600.5 192000
1695870003584 46560.5 196000
1695870076108 47520.5 200000
1695870148340 48480.5 204000
1695870220464 49440.5 208000
1695870291265 50400.5 212000
1695870363014 51360.5 216000
1695870434937 52320.5 220000
1695870507462 53280.5 224000
1695870580571 54240.5 228000
1695870653061 55200.5 232000
1695870725421 56160.5 236000
1695870797567 57120.5 240000
1695870869878 58080.5 244000
1695870942321 59040.5 248000
1695871014885 60000.5 252000
1695871087162 60960.5 256000
1695871159344 61920.5 260000
1695871231764 62880.5 264000
1695871304414 63840.5 268000
