1695863976017 0.0 4000
1695864053904 0.0 8000
1695864131985 0.0 12000
1695864210361 0.0 16000
1695864289231 0.0 20000
1695864367983 0.0 24000
1695864446643 0.0 28000
1695864524972 0.0 32000
1695864603046 0.0 36000
1695864681339 0.0 40000
1695864759820 0.0 44000
1695864838383 0.0 48000
1695864917200 0.0 52000
1695864995658 0.0 56000
1695865073884 0.0 60000
1695865152253 0.0 64000
1695865230456 0.0 68000
1695865308726 0.0 72000
1695865386829 0.0 76000
1695865465450 0.0 80000
1695865543623 0.0 84000
1695865622172 0.0 88000
1695865700541 0.0 92000
1695865778980 0.0 96000
1695865857325 0.0 100000
1695865935679 0.0 104000
1695866013983 0.0 108000
1695866092408 0.0 112000
1695866170772 0.0 116000
1695866249450 0.0 120000
