1695863976012 32.0 4000
1695864053898 32.0 8000
1695864131982 32.0 12000
1695864210357 32.0 16000
1695864289228 32.0 20000
1695864367980 32.0 24000
1695864446640 32.0 28000
1695864524969 32.0 32000
1695864603043 32.0 36000
1695864681335 32.0 40000
1695864759817 32.0 44000
1695864838379 32.0 48000
1695864917196 32.0 52000
1695864995654 32.0 56000
1695865073881 32.0 60000
1695865152250 32.0 64000
1695865230453 32.0 68000
1695865308722 32.0 72000
1695865386826 32.0 76000
1695865465446 32.0 80000
1695865543620 32.0 84000
1695865622168 32.0 88000
1695865700537 32.0 92000
1695865778976 32.0 96000
1695865857321 32.0 100000
1695865935675 32.0 104000
1695866013980 32.0 108000
1695866092405 32.0 112000
1695866170768 32.0 116000
1695866249447 32.0 120000
