1695863976014 0.0 4000
1695864053900 0.0 8000
1695864131983 0.0 12000
1695864210358 0.0 16000
1695864289229 0.0 20000
1695864367981 0.0 24000
1695864446641 0.0 28000
1695864524970 0.0 32000
1695864603044 0.0 36000
1695864681336 0.0 40000
1695864759818 0.0 44000
1695864838380 0.0 48000
1695864917197 0.0 52000
1695864995656 0.0 56000
1695865073882 0.0 60000
1695865152251 0.0 64000
1695865230453 0.0 68000
1695865308723 0.0 72000
1695865386827 0.0 76000
1695865465447 0.0 80000
1695865543621 0.0 84000
1695865622169 0.0 88000
1695865700538 0.0 92000
1695865778977 0.0 96000
1695865857322 0.0 100000
1695865935676 0.0 104000
1695866013980 0.0 108000
1695866092406 0.0 112000
1695866170769 0.0 116000
1695866249448 0.0 120000
