1695863976010 64.0 4000
1695864053895 64.0 8000
1695864131980 64.0 12000
1695864210355 64.0 16000
1695864289226 64.0 20000
1695864367978 64.0 24000
1695864446638 64.0 28000
1695864524967 64.0 32000
1695864603040 64.0 36000
1695864681332 64.0 40000
1695864759815 64.0 44000
1695864838377 64.0 48000
1695864917193 64.0 52000
1695864995652 64.0 56000
1695865073879 64.0 60000
1695865152248 64.0 64000
1695865230450 64.0 68000
1695865308720 64.0 72000
1695865386824 64.0 76000
1695865465444 64.0 80000
1695865543618 64.0 84000
1695865622166 64.0 88000
1695865700535 64.0 92000
1695865778973 64.0 96000
1695865857318 64.0 100000
1695865935673 64.0 104000
1695866013977 64.0 108000
1695866092403 64.0 112000
1695866170766 64.0 116000
1695866249445 64.0 120000
