1695863976011 32.0 4000
1695864053896 32.0 8000
1695864131981 32.0 12000
1695864210356 32.0 16000
1695864289227 32.0 20000
1695864367978 32.0 24000
1695864446639 32.0 28000
1695864524968 32.0 32000
1695864603041 32.0 36000
1695864681333 32.0 40000
1695864759816 32.0 44000
1695864838378 32.0 48000
1695864917194 32.0 52000
1695864995653 32.0 56000
1695865073880 32.0 60000
1695865152248 32.0 64000
1695865230451 32.0 68000
1695865308721 32.0 72000
1695865386825 32.0 76000
1695865465445 32.0 80000
1695865543618 32.0 84000
1695865622167 32.0 88000
1695865700536 32.0 92000
1695865778974 32.0 96000
1695865857319 32.0 100000
1695865935674 32.0 104000
1695866013978 32.0 108000
1695866092404 32.0 112000
1695866170767 32.0 116000
1695866249446 32.0 120000
