1695863976010 1.0 4000
1695864053895 1.0 8000
1695864131981 1.0 12000
1695864210355 1.0 16000
1695864289226 1.0 20000
1695864367978 1.0 24000
1695864446638 1.0 28000
1695864524967 1.0 32000
1695864603041 1.0 36000
1695864681333 1.0 40000
1695864759815 1.0 44000
1695864838377 1.0 48000
1695864917194 1.0 52000
1695864995653 1.0 56000
1695865073879 1.0 60000
1695865152248 1.0 64000
1695865230451 1.0 68000
1695865308721 1.0 72000
1695865386824 1.0 76000
1695865465445 1.0 80000
1695865543618 1.0 84000
1695865622167 1.0 88000
1695865700536 1.0 92000
1695865778974 1.0 96000
1695865857319 1.0 100000
1695865935674 1.0 104000
1695866013978 1.0 108000
1695866092403 1.0 112000
1695866170766 1.0 116000
1695866249445 1.0 120000
