1695863976011 50.0 4000
1695864053897 50.0 8000
1695864131981 50.0 12000
1695864210356 50.0 16000
1695864289227 50.0 20000
1695864367979 50.0 24000
1695864446639 50.0 28000
1695864524968 50.0 32000
1695864603042 50.0 36000
1695864681334 50.0 40000
1695864759816 50.0 44000
1695864838378 50.0 48000
1695864917195 50.0 52000
1695864995654 50.0 56000
1695865073880 50.0 60000
1695865152249 50.0 64000
1695865230452 50.0 68000
1695865308721 50.0 72000
1695865386825 50.0 76000
1695865465445 50.0 80000
1695865543619 50.0 84000
1695865622167 50.0 88000
1695865700537 50.0 92000
1695865778975 50.0 96000
1695865857320 50.0 100000
1695865935674 50.0 104000
1695866013979 50.0 108000
1695866092404 50.0 112000
1695866170767 50.0 116000
1695866249446 50.0 120000
