1695863976009 1.0 4000
1695864053894 1.0 8000
1695864131980 1.0 12000
1695864210354 1.0 16000
1695864289225 1.0 20000
1695864367977 1.0 24000
1695864446637 1.0 28000
1695864524967 1.0 32000
1695864603040 1.0 36000
1695864681332 1.0 40000
1695864759814 1.0 44000
1695864838376 1.0 48000
1695864917193 1.0 52000
1695864995652 1.0 56000
1695865073878 1.0 60000
1695865152247 1.0 64000
1695865230450 1.0 68000
1695865308720 1.0 72000
1695865386823 1.0 76000
1695865465444 1.0 80000
1695865543617 1.0 84000
1695865622166 1.0 88000
1695865700535 1.0 92000
1695865778973 1.0 96000
1695865857318 1.0 100000
1695865935673 1.0 104000
1695866013977 1.0 108000
1695866092402 1.0 112000
1695866170766 1.0 116000
1695866249444 1.0 120000
