1695863976013 2.0 4000
1695864053899 2.0 8000
1695864131982 2.0 12000
1695864210357 2.0 16000
1695864289228 2.0 20000
1695864367980 2.0 24000
1695864446640 2.0 28000
1695864524970 2.0 32000
1695864603043 2.0 36000
1695864681335 2.0 40000
1695864759817 2.0 44000
1695864838379 2.0 48000
1695864917196 2.0 52000
1695864995655 2.0 56000
1695865073881 2.0 60000
1695865152250 2.0 64000
1695865230453 2.0 68000
1695865308723 2.0 72000
1695865386826 2.0 76000
1695865465447 2.0 80000
1695865543620 2.0 84000
1695865622169 2.0 88000
1695865700538 2.0 92000
1695865778976 2.0 96000
1695865857321 2.0 100000
1695865935676 2.0 104000
1695866013980 2.0 108000
1695866092405 2.0 112000
1695866170769 2.0 116000
1695866249447 2.0 120000
