1695863976015 84.0 4000
1695864053902 84.0 8000
1695864131984 84.0 12000
1695864210359 84.0 16000
1695864289230 84.0 20000
1695864367982 84.0 24000
1695864446642 84.0 28000
1695864524971 84.0 32000
1695864603045 84.0 36000
1695864681337 84.0 40000
1695864759819 84.0 44000
1695864838381 84.0 48000
1695864917198 84.0 52000
1695864995657 84.0 56000
1695865073883 84.0 60000
1695865152252 84.0 64000
1695865230455 84.0 68000
1695865308724 84.0 72000
1695865386828 84.0 76000
1695865465448 84.0 80000
1695865543622 84.0 84000
1695865622171 84.0 88000
1695865700540 84.0 92000
1695865778978 84.0 96000
1695865857323 84.0 100000
1695865935677 84.0 104000
1695866013982 84.0 108000
1695866092407 84.0 112000
1695866170770 84.0 116000
1695866249449 84.0 120000
