1695863976015 1.0 4000
1695864053901 1.0 8000
1695864131984 1.0 12000
1695864210359 1.0 16000
1695864289230 1.0 20000
1695864367982 1.0 24000
1695864446641 1.0 28000
1695864524971 1.0 32000
1695864603044 1.0 36000
1695864681337 1.0 40000
1695864759819 1.0 44000
1695864838381 1.0 48000
1695864917198 1.0 52000
1695864995657 1.0 56000
1695865073883 1.0 60000
1695865152251 1.0 64000
1695865230454 1.0 68000
1695865308724 1.0 72000
1695865386827 1.0 76000
1695865465448 1.0 80000
1695865543622 1.0 84000
1695865622170 1.0 88000
1695865700539 1.0 92000
1695865778978 1.0 96000
1695865857323 1.0 100000
1695865935677 1.0 104000
1695866013981 1.0 108000
1695866092406 1.0 112000
1695866170770 1.0 116000
1695866249449 1.0 120000
