1695863976004 0.0 4000
1695864053886 0.0 8000
1695864131976 0.0 12000
1695864210350 0.0 16000
1695864289220 0.0 20000
1695864367972 0.0 24000
1695864446633 0.0 28000
1695864524962 0.0 32000
1695864603036 0.0 36000
1695864681327 0.0 40000
1695864759810 0.0 44000
1695864838371 0.0 48000
1695864917188 0.0 52000
1695864995647 0.0 56000
1695865073874 0.0 60000
1695865152243 0.0 64000
1695865230445 0.0 68000
1695865308714 0.0 72000
1695865386820 0.0 76000
1695865465439 0.0 80000
1695865543612 0.0 84000
1695865622161 0.0 88000
1695865700530 0.0 92000
1695865778968 0.0 96000
1695865857313 0.0 100000
1695865935668 0.0 104000
1695866013972 0.0 108000
1695866092398 0.0 112000
1695866170761 0.0 116000
1695866249440 0.0 120000
