1695863976016 0.0 4000
1695864053903 0.0 8000
1695864131984 0.0 12000
1695864210360 0.0 16000
1695864289230 0.0 20000
1695864367982 0.0 24000
1695864446642 0.0 28000
1695864524972 0.0 32000
1695864603045 0.0 36000
1695864681338 0.0 40000
1695864759819 0.0 44000
1695864838382 0.0 48000
1695864917199 0.0 52000
1695864995657 0.0 56000
1695865073883 0.0 60000
1695865152252 0.0 64000
1695865230455 0.0 68000
1695865308725 0.0 72000
1695865386828 0.0 76000
1695865465449 0.0 80000
1695865543623 0.0 84000
1695865622171 0.0 88000
1695865700540 0.0 92000
1695865778979 0.0 96000
1695865857324 0.0 100000
1695865935678 0.0 104000
1695866013982 0.0 108000
1695866092407 0.0 112000
1695866170771 0.0 116000
1695866249449 0.0 120000
