1695863976017 -1.0 4000
1695864053905 -1.0 8000
1695864131985 -1.0 12000
1695864210361 -1.0 16000
1695864289232 -1.0 20000
1695864367983 -1.0 24000
1695864446643 -1.0 28000
1695864524973 -1.0 32000
1695864603047 -1.0 36000
1695864681339 -1.0 40000
1695864759821 -1.0 44000
1695864838383 -1.0 48000
1695864917200 -1.0 52000
1695864995659 -1.0 56000
1695865073884 -1.0 60000
1695865152253 -1.0 64000
1695865230456 -1.0 68000
1695865308726 -1.0 72000
1695865386829 -1.0 76000
1695865465450 -1.0 80000
1695865543624 -1.0 84000
1695865622172 -1.0 88000
1695865700542 -1.0 92000
1695865778980 -1.0 96000
1695865857326 -1.0 100000
1695865935679 -1.0 104000
1695866013983 -1.0 108000
1695866092409 -1.0 112000
1695866170772 -1.0 116000
1695866249450 -1.0 120000
