1695863976007 0.0 4000
1695864053890 0.0 8000
1695864131978 0.0 12000
1695864210352 0.0 16000
1695864289223 0.0 20000
1695864367975 0.0 24000
1695864446635 0.0 28000
1695864524965 0.0 32000
1695864603038 0.0 36000
1695864681330 0.0 40000
1695864759812 0.0 44000
1695864838374 0.0 48000
1695864917191 0.0 52000
1695864995650 0.0 56000
1695865073877 0.0 60000
1695865152245 0.0 64000
1695865230448 0.0 68000
1695865308718 0.0 72000
1695865386822 0.0 76000
1695865465442 0.0 80000
1695865543615 0.0 84000
1695865622164 0.0 88000
1695865700533 0.0 92000
1695865778971 0.0 96000
1695865857316 0.0 100000
1695865935671 0.0 104000
1695866013975 0.0 108000
1695866092401 0.0 112000
1695866170764 0.0 116000
1695866249443 0.0 120000
