1695863976007 256.0 4000
1695864053890 256.0 8000
1695864131978 256.0 12000
1695864210352 256.0 16000
1695864289222 256.0 20000
1695864367975 256.0 24000
1695864446635 256.0 28000
1695864524964 256.0 32000
1695864603038 256.0 36000
1695864681330 256.0 40000
1695864759812 256.0 44000
1695864838374 256.0 48000
1695864917190 256.0 52000
1695864995650 256.0 56000
1695865073876 256.0 60000
1695865152245 256.0 64000
1695865230447 256.0 68000
1695865308718 256.0 72000
1695865386822 256.0 76000
1695865465441 256.0 80000
1695865543615 256.0 84000
1695865622164 256.0 88000
1695865700532 256.0 92000
1695865778971 256.0 96000
1695865857315 256.0 100000
1695865935670 256.0 104000
1695866013975 256.0 108000
1695866092400 256.0 112000
1695866170763 256.0 116000
1695866249442 256.0 120000
