1695863976006 20.0 4000
1695864053889 20.0 8000
1695864131977 20.0 12000
1695864210352 20.0 16000
1695864289222 20.0 20000
1695864367974 20.0 24000
1695864446634 20.0 28000
1695864524964 20.0 32000
1695864603037 20.0 36000
1695864681329 20.0 40000
1695864759812 20.0 44000
1695864838373 20.0 48000
1695864917190 20.0 52000
1695864995649 20.0 56000
1695865073876 20.0 60000
1695865152244 20.0 64000
1695865230447 20.0 68000
1695865308717 20.0 72000
1695865386821 20.0 76000
1695865465441 20.0 80000
1695865543614 20.0 84000
1695865622163 20.0 88000
1695865700532 20.0 92000
1695865778970 20.0 96000
1695865857315 20.0 100000
1695865935670 20.0 104000
1695866013974 20.0 108000
1695866092400 20.0 112000
1695866170763 20.0 116000
1695866249442 20.0 120000
