1695863976009 0.0 4000
1695864053893 0.0 8000
1695864131979 0.0 12000
1695864210354 0.0 16000
1695864289225 0.0 20000
1695864367977 0.0 24000
1695864446637 0.0 28000
1695864524966 0.0 32000
1695864603040 0.0 36000
1695864681331 0.0 40000
1695864759814 0.0 44000
1695864838375 0.0 48000
1695864917192 0.0 52000
1695864995651 0.0 56000
1695865073878 0.0 60000
1695865152247 0.0 64000
1695865230449 0.0 68000
1695865308720 0.0 72000
1695865386823 0.0 76000
1695865465443 0.0 80000
1695865543617 0.0 84000
1695865622165 0.0 88000
1695865700534 0.0 92000
1695865778973 0.0 96000
1695865857317 0.0 100000
1695865935672 0.0 104000
1695866013976 0.0 108000
1695866092402 0.0 112000
1695866170765 0.0 116000
1695866249444 0.0 120000
