1695863976006 0.0 4000
1695864053888 0.0 8000
1695864131977 0.0 12000
1695864210351 0.0 16000
1695864289222 0.0 20000
1695864367974 0.0 24000
1695864446634 0.0 28000
1695864524964 0.0 32000
1695864603037 0.0 36000
1695864681329 0.0 40000
1695864759811 0.0 44000
1695864838373 0.0 48000
1695864917190 0.0 52000
1695864995649 0.0 56000
1695865073875 0.0 60000
1695865152244 0.0 64000
1695865230446 0.0 68000
1695865308717 0.0 72000
1695865386821 0.0 76000
1695865465440 0.0 80000
1695865543614 0.0 84000
1695865622163 0.0 88000
1695865700531 0.0 92000
1695865778970 0.0 96000
1695865857314 0.0 100000
1695865935669 0.0 104000
1695866013974 0.0 108000
1695866092400 0.0 112000
1695866170763 0.0 116000
1695866249441 0.0 120000
