1695863976016 1.0 4000
1695864053903 1.0 8000
1695864131985 1.0 12000
1695864210360 1.0 16000
1695864289231 1.0 20000
1695864367983 1.0 24000
1695864446643 1.0 28000
1695864524972 1.0 32000
1695864603046 1.0 36000
1695864681338 1.0 40000
1695864759820 1.0 44000
1695864838382 1.0 48000
1695864917199 1.0 52000
1695864995658 1.0 56000
1695865073884 1.0 60000
1695865152253 1.0 64000
1695865230455 1.0 68000
1695865308725 1.0 72000
1695865386829 1.0 76000
1695865465449 1.0 80000
1695865543623 1.0 84000
1695865622171 1.0 88000
1695865700541 1.0 92000
1695865778979 1.0 96000
1695865857324 1.0 100000
1695865935678 1.0 104000
1695866013982 1.0 108000
1695866092408 1.0 112000
1695866170771 1.0 116000
1695866249450 1.0 120000
