1695866617924 -0.19500000000000015 12000
1695866696149 1.4580499999999925 16000
1695866774331 1.4580499999999925 20000
1695866852821 1.4580499999999925 24000
1695866931631 1.4580499999999925 28000
1695867010500 1.4580499999999925 32000
1695867089014 1.4580499999999925 36000
1695867167914 1.4580499999999925 40000
1695867246587 1.4580499999999925 44000
1695867324921 1.4580499999999925 48000
1695867398825 1.4580499999999925 52000
1695867471308 1.4580499999999925 56000
1695867543771 1.4580499999999925 60000
1695867616337 1.4580499999999925 64000
1695867688729 1.4580499999999925 68000
1695867761209 1.4580499999999925 72000
1695867833710 1.4580499999999925 76000
1695867906027 1.796283605 80000
1695867978710 1.796283605 84000
1695868051007 1.796283605 88000
1695868123245 1.796283605 92000
1695868195454 1.796283605 96000
1695868267552 1.796283605 100000
1695868339906 1.796283605 104000
1695868412140 1.796283605 108000
1695868484317 1.796283605 112000
1695868556630 1.796283605 116000
1695868628898 1.796283605 120000
1695868701621 1.796283605 124000
1695868773960 1.796283605 128000
1695868846341 1.796283605 132000
1695868918371 1.796283605 136000
1695868990690 1.796283605 140000
1695869062792 1.796283605 144000
1695869135025 1.796283605 148000
1695869207452 1.796283605 152000
1695869279540 1.4501030335440523 156000
1695869351786 1.4501030335440523 160000
1695869424202 1.4501030335440523 164000
1695869496406 0.843 168000
1695869568827 0.843 172000
1695869641109 0.9425000000000002 176000
1695869713335 0.9425000000000002 180000
1695869785820 0.9425000000000002 184000
1695869858519 0.9425000000000002 188000
1695869931199 0.9425000000000002 192000
1695870003538 0.9425000000000002 196000
1695870076062 0.9425000000000002 200000
1695870148294 0.9425000000000002 204000
1695870220420 0.9425000000000002 208000
1695870291223 0.9425000000000002 212000
1695870362971 0.9425 216000
1695870434895 0.9485 220000
1695870507420 0.9485 224000
1695870580529 0.9485 228000
1695870653007 0.9485 232000
1695870725376 0.9485 236000
1695870797524 0.9485 240000
1695870869836 0.9485 244000
1695870942278 0.9485 248000
1695871014837 0.9485 252000
1695871087114 0.9485 256000
1695871159301 0.9485 260000
1695871231722 0.9455000000000001 264000
1695871304373 0.9455000000000001 268000
