1695866617923 1.866862500000001 12000
1695866696148 1.866862500000001 16000
1695866774331 2.395878125000004 20000
1695866852820 2.395878125000004 24000
1695866931631 2.395878125000004 28000
1695867010499 2.395878125000004 32000
1695867089014 2.395878125000004 36000
1695867167914 2.395878125000004 40000
1695867246587 2.395878125000004 44000
1695867324921 2.395878125000004 48000
1695867398825 2.395878125000004 52000
1695867471308 2.395878125000004 56000
1695867543771 2.395878125000004 60000
1695867616336 2.395878125000004 64000
1695867688728 2.395878125000004 68000
1695867761208 2.4234276128161696 72000
1695867833709 2.4234276128161696 76000
1695867906027 2.4234276128161696 80000
1695867978710 2.4234276128161696 84000
1695868051007 2.4234276128161696 88000
1695868123244 2.4234276128161696 92000
1695868195453 2.609443237816183 96000
1695868267551 2.609443237816183 100000
1695868339906 2.609443237816183 104000
1695868412139 2.609443237816183 108000
1695868484316 2.609443237816183 112000
1695868556630 2.609443237816183 116000
1695868628898 2.609443237816183 120000
1695868701620 2.609443237816183 124000
1695868773959 2.609443237816183 128000
1695868846340 2.609443237816183 132000
1695868918371 2.609443237816183 136000
1695868990689 2.609443237816183 140000
1695869062791 2.609443237816183 144000
1695869135024 2.609443237816183 148000
1695869207451 2.609443237816183 152000
1695869279539 2.609443237816183 156000
1695869351786 2.609443237816183 160000
1695869424202 2.609443237816183 164000
1695869496406 2.4187557378161717 168000
1695869568826 2.4514780335440554 172000
1695869641109 2.4514780335440554 176000
1695869713335 2.4514780335440554 180000
1695869785820 2.4514780335440554 184000
1695869858518 2.4514780335440554 188000
1695869931199 2.4514780335440554 192000
1695870003537 2.4516619878161707 196000
1695870076062 2.4516619878161707 200000
1695870148293 2.4516619878161707 204000
1695870220419 2.4516619878161707 208000
1695870291222 2.4543651128161703 212000
1695870362971 2.4543651128161703 216000
1695870434894 2.4543651128161703 220000
1695870507420 2.4543651128161703 224000
1695870580529 2.4543651128161703 228000
1695870653007 2.4543651128161703 232000
1695870725376 2.4615057378152043 236000
1695870797523 2.47605261281617 240000
1695870869836 2.47605261281617 244000
1695870942278 2.47605261281617 248000
1695871014836 2.47605261281617 252000
1695871087113 2.47605261281617 256000
1695871159300 2.47605261281617 260000
1695871231722 2.47605261281617 264000
1695871304373 2.47605261281617 268000
