1695864210277 0.021038055419921875 16000
1695864289160 0.021038055419921875 20000
1695864367908 0.021038055419921875 24000
1695864446571 0.021326541900634766 28000
1695864524897 0.021326541900634766 32000
1695864602974 0.021326541900634766 36000
1695864681264 0.021045605341593426 40000
1695864759748 0.021045605341593426 44000
1695864838306 0.021045605341593426 48000
1695864917118 0.02081364393234253 52000
1695864995585 0.02081364393234253 56000
1695865073810 0.02081364393234253 60000
1695865152182 0.022177696228027344 64000
1695865230381 0.022177696228027344 68000
1695865308648 0.02211285572425992 72000
1695865386754 0.022123698835019714 76000
1695865465378 0.02210378646850586 80000
1695865543550 0.02211488661218862 84000
1695865622100 0.02204748300405649 88000
1695865700467 0.02194864409310477 92000
1695865778906 0.02193786728550011 96000
1695865857243 0.02186314479724781 100000
1695865935601 0.021790415048599243 104000
1695866013909 0.021768793647671925 108000
1695866092330 0.021823673021225704 112000
1695866170701 0.021749337514241535 116000
1695866249378 0.02173001949603741 120000
