1695864210277 0.0017273426055908203 16000
1695864289161 0.0017273426055908203 20000
1695864367908 0.0017273426055908203 24000
1695864446572 0.0017625093460083008 28000
1695864524897 0.0017625093460083008 32000
1695864602975 0.0017625093460083008 36000
1695864681265 0.001729726791381836 40000
1695864759749 0.001729726791381836 44000
1695864838306 0.001729726791381836 48000
1695864917119 0.0017008185386657715 52000
1695864995585 0.0017008185386657715 56000
1695865073811 0.0017008185386657715 60000
1695865152182 0.0016856193542480469 64000
1695865230382 0.0016856193542480469 68000
1695865308648 0.0016843571382410387 72000
1695865386754 0.0016812924985532408 76000
1695865465378 0.0016750892003377278 80000
1695865543551 0.0016736202552670339 84000
1695865622101 0.0016727814307579626 88000
1695865700467 0.0016631398882184709 92000
1695865778907 0.0016649004439233054 96000
1695865857243 0.001666030368289432 100000
1695865935601 0.0016675889492034912 104000
1695866013910 0.001667163990162037 108000
1695866092331 0.00166339533669608 112000
1695866170702 0.0016570091247558594 116000
1695866249378 0.0016567471263172861 120000
