1695866617945 0.021946430206298828 12000
1695866696168 0.02010941505432129 16000
1695866774349 0.020257993177934128 20000
1695866852838 0.02020872556246244 24000
1695866931649 0.020227432250976562 28000
1695867010519 0.02113905819979581 32000
1695867089033 0.021431537774892952 36000
1695867167932 0.02123601734638214 40000
1695867246604 0.021224362509591237 44000
1695867324939 0.02122289604610867 48000
1695867398843 0.021524959140353732 52000
1695867471324 0.021444455437038257 56000
1695867543790 0.02100350810032265 60000
1695867616355 0.020888234887804304 64000
1695867688745 0.02073316738523286 68000
1695867761225 0.020487233996391296 72000
1695867833726 0.020241737365722656 76000
1695867906046 0.019950963355399465 80000
1695867978726 0.019950963355399465 84000
1695868051025 0.019926749742948092 88000
1695868123262 0.02001930366862904 92000
1695868195470 0.019915025312821945 96000
1695868267571 0.01985911400087418 100000
1695868339924 0.019753336906433105 104000
1695868412159 0.01957833766937256 108000
1695868484335 0.019581198692321777 112000
1695868556647 0.01949012279510498 116000
1695868628916 0.0192415714263916 120000
1695868701639 0.018902301788330078 124000
1695868773979 0.018835783004760742 128000
1695868846357 0.018739819526672363 132000
1695868918390 0.018389105796813965 136000
1695868990710 0.018433094024658203 140000
1695869062807 0.01831662654876709 144000
1695869135041 0.018265247344970703 148000
1695869207470 0.01833951473236084 152000
1695869279558 0.018338680267333984 156000
1695869351801 0.018187880516052246 160000
1695869424219 0.01811361312866211 164000
1695869496422 0.017990469932556152 168000
1695869568846 0.018003463745117188 172000
1695869641127 0.01782548427581787 176000
1695869713354 0.017824292182922363 180000
1695869785839 0.01777172088623047 184000
1695869858536 0.01782989501953125 188000
1695869931216 0.01799154281616211 192000
1695870003554 0.018122196197509766 196000
1695870076079 0.01802659034729004 200000
1695870148311 0.018186450004577637 204000
1695870220438 0.017978429794311523 208000
1695870291239 0.01788961887359619 212000
1695870362987 0.017788410186767578 216000
1695870434910 0.018252968788146973 220000
1695870507436 0.018443703651428223 224000
1695870580545 0.018430352210998535 228000
1695870653029 0.01856386661529541 232000
1695870725395 0.018497228622436523 236000
1695870797542 0.018393993377685547 240000
1695870869853 0.0184096097946167 244000
1695870942294 0.018651127815246582 248000
1695871014856 0.01886904239654541 252000
1695871087132 0.019006848335266113 256000
1695871159319 0.01857459545135498 260000
1695871231739 0.018402457237243652 264000
1695871304388 0.018344402313232422 268000
