1695866617946 0.0016808509826660156 12000
1695866696168 0.0016367435455322266 16000
1695866774350 0.001625581221147017 20000
1695866852838 0.0016038234417255109 24000
1695866931650 0.001640915870666504 28000
1695867010520 0.0016391277313232422 32000
1695867089033 0.0016239973214956431 36000
1695867167932 0.0016041100025177002 40000
1695867246605 0.0016164779663085938 44000
1695867324940 0.0016328361299302843 48000
1695867398844 0.0016506512959798176 52000
1695867471325 0.0016489754552426546 56000
1695867543790 0.0016214800815956265 60000
1695867616356 0.0016048550605773926 64000
1695867688745 0.0015994598125589304 68000
1695867761225 0.0015756115317344666 72000
1695867833727 0.001568128080929027 76000
1695867906046 0.0015576143522520324 80000
1695867978726 0.0015576143522520324 84000
1695868051026 0.0015512490883851664 88000
1695868123262 0.0015413219278508966 92000
1695868195470 0.0015328218648721884 96000
1695868267572 0.0015344671023789272 100000
1695868339925 0.0015395879745483398 104000
1695868412159 0.0015305280685424805 108000
1695868484336 0.0015320777893066406 112000
1695868556647 0.00151824951171875 116000
1695868628917 0.0015090703964233398 120000
1695868701640 0.0015054941177368164 124000
1695868773980 0.0014934539794921875 128000
1695868846357 0.0014802217483520508 132000
1695868918391 0.001462697982788086 136000
1695868990710 0.0014630556106567383 140000
1695869062808 0.0014629364013671875 144000
1695869135042 0.001462697982788086 148000
1695869207471 0.0014653205871582031 152000
1695869279559 0.0014611482620239258 156000
1695869351802 0.0014563798904418945 160000
1695869424220 0.0014622211456298828 164000
1695869496422 0.0014488697052001953 168000
1695869568847 0.0014361143112182617 172000
1695869641127 0.001427292823791504 176000
1695869713355 0.0014259815216064453 180000
1695869785839 0.0014241933822631836 184000
1695869858537 0.0014352798461914062 188000
1695869931216 0.001443624496459961 192000
1695870003555 0.0014532804489135742 196000
1695870076079 0.001454472541809082 200000
1695870148312 0.0014609098434448242 204000
1695870220438 0.001455068588256836 208000
1695870291239 0.0014443397521972656 212000
1695870362987 0.0014450550079345703 216000
1695870434911 0.0014671087265014648 220000
1695870507437 0.0014579296112060547 224000
1695870580545 0.0014505386352539062 228000
1695870653029 0.0014522075653076172 232000
1695870725396 0.0014511346817016602 236000
1695870797543 0.0014458894729614258 240000
1695870869853 0.0014455318450927734 244000
1695870942294 0.001447916030883789 248000
1695871014857 0.001461029052734375 252000
1695871087133 0.0014655590057373047 256000
1695871159320 0.0014510154724121094 260000
1695871231739 0.001456141471862793 264000
1695871304389 0.0014537572860717773 268000
