1695866617927 1.0 12000
1695866696152 1.0 16000
1695866774334 1.0 20000
1695866852824 1.0 24000
1695866931634 1.0 28000
1695867010503 1.0 32000
1695867089017 1.0 36000
1695867167917 1.0 40000
1695867246590 1.0 44000
1695867324924 1.0 48000
1695867398828 1.0 52000
1695867471311 1.0 56000
1695867543774 1.0 60000
1695867616340 1.0 64000
1695867688731 1.0 68000
1695867761211 1.0 72000
1695867833712 1.0 76000
1695867906030 1.0 80000
1695867978713 1.0 84000
1695868051010 1.0 88000
1695868123247 1.0 92000
1695868195456 1.0 96000
1695868267555 1.0 100000
1695868339909 1.0 104000
1695868412143 1.0 108000
1695868484320 1.0 112000
1695868556633 1.0 116000
1695868628901 1.0 120000
1695868701624 1.0 124000
1695868773963 1.0 128000
1695868846343 1.0 132000
1695868918374 1.0 136000
1695868990693 1.0 140000
1695869062794 1.0 144000
1695869135027 1.0 148000
1695869207455 1.0 152000
1695869279543 1.0 156000
1695869351789 1.0 160000
1695869424205 1.0 164000
1695869496409 1.0 168000
1695869568831 1.0 172000
1695869641112 1.0 176000
1695869713338 1.0 180000
1695869785823 1.0 184000
1695869858521 1.0 188000
1695869931202 1.0 192000
1695870003540 1.0 196000
1695870076065 1.0 200000
1695870148297 1.0 204000
1695870220423 1.0 208000
1695870291225 1.0 212000
1695870362974 1.0 216000
1695870434897 1.0 220000
1695870507423 1.0 224000
1695870580532 1.0 228000
1695870653010 1.0 232000
1695870725379 1.0 236000
1695870797527 1.0 240000
1695870869839 1.0 244000
1695870942281 1.0 248000
1695871014840 1.0 252000
1695871087116 1.0 256000
1695871159303 1.0 260000
1695871231725 1.0 264000
1695871304375 1.0 268000
