1695866617926 1.0 12000
1695866696151 0.1 16000
1695866774333 0.18181818181818182 20000
1695866852822 0.23076923076923078 24000
1695866931633 0.15 28000
1695867010502 0.18181818181818182 32000
1695867089016 0.2692307692307692 36000
1695867167916 0.25 40000
1695867246589 0.2857142857142857 44000
1695867324923 0.2777777777777778 48000
1695867398827 0.28888888888888886 52000
1695867471310 0.30434782608695654 56000
1695867543773 0.3333333333333333 60000
1695867616339 0.3392857142857143 64000
1695867688730 0.3620689655172414 68000
1695867761210 0.375 72000
1695867833711 0.38235294117647056 76000
1695867906029 0.3783783783783784 80000
1695867978712 0.3783783783783784 84000
1695868051009 0.3717948717948718 88000
1695868123246 0.38636363636363635 92000
1695868195455 0.4065934065934066 96000
1695868267554 0.40860215053763443 100000
1695868339908 0.41 104000
1695868412142 0.45 108000
1695868484319 0.48 112000
1695868556632 0.52 116000
1695868628900 0.56 120000
1695868701622 0.57 124000
1695868773962 0.61 128000
1695868846342 0.63 132000
1695868918373 0.64 136000
1695868990692 0.65 140000
1695869062793 0.67 144000
1695869135026 0.68 148000
1695869207454 0.7 152000
1695869279542 0.71 156000
1695869351788 0.75 160000
1695869424204 0.76 164000
1695869496408 0.78 168000
1695869568829 0.81 172000
1695869641111 0.83 176000
1695869713337 0.84 180000
1695869785822 0.88 184000
1695869858520 0.89 188000
1695869931201 0.92 192000
1695870003539 0.95 196000
1695870076064 0.94 200000
1695870148295 0.94 204000
1695870220422 0.95 208000
1695870291224 0.96 212000
1695870362973 0.95 216000
1695870434896 0.95 220000
1695870507422 0.94 224000
1695870580531 0.93 228000
1695870653009 0.91 232000
1695870725378 0.9 236000
1695870797526 0.92 240000
1695870869838 0.9 244000
1695870942280 0.88 248000
1695871014839 0.88 252000
1695871087115 0.88 256000
1695871159302 0.87 260000
1695871231724 0.87 264000
1695871304374 0.87 268000
