1695866617927 1.0 12000
1695866696151 0.0 16000
1695866774334 0.0 20000
1695866852823 0.0 24000
1695866931633 0.0 28000
1695867010502 0.0 32000
1695867089016 0.0 36000
1695867167916 0.0 40000
1695867246589 0.0 44000
1695867324924 0.0 48000
1695867398828 0.0 52000
1695867471310 0.0 56000
1695867543773 0.0 60000
1695867616339 0.0 64000
1695867688730 0.0 68000
1695867761211 0.0 72000
1695867833712 0.0 76000
1695867906029 0.0 80000
1695867978712 0.0 84000
1695868051010 0.0 88000
1695868123247 0.0 92000
1695868195456 0.0 96000
1695868267554 0.0 100000
1695868339909 0.0 104000
1695868412142 0.0 108000
1695868484319 0.0 112000
1695868556632 0.0 116000
1695868628901 0.0 120000
1695868701623 0.0 124000
1695868773962 0.0 128000
1695868846343 0.0 132000
1695868918374 0.0 136000
1695868990693 0.0 140000
1695869062794 0.0 144000
1695869135027 0.0 148000
1695869207454 0.0 152000
1695869279542 0.0 156000
1695869351788 0.0 160000
1695869424205 0.0 164000
1695869496408 0.0 168000
1695869568830 0.0 172000
1695869641111 0.0 176000
1695869713338 0.0 180000
1695869785823 0.0 184000
1695869858521 0.0 188000
1695869931201 0.0 192000
1695870003540 0.0 196000
1695870076065 0.0 200000
1695870148296 0.0 204000
1695870220422 0.0 208000
1695870291225 0.0 212000
1695870362973 0.0 216000
1695870434897 0.0 220000
1695870507422 0.0 224000
1695870580531 0.0 228000
1695870653010 0.0 232000
1695870725379 0.0 236000
1695870797527 0.0 240000
1695870869838 0.0 244000
1695870942280 0.0 248000
1695871014839 0.0 252000
1695871087116 0.0 256000
1695871159303 0.0 260000
1695871231724 0.0 264000
1695871304375 0.0 268000
