1695866617928 0.0 12000
1695866696152 0.0 16000
1695866774335 0.0 20000
1695866852824 0.0 24000
1695866931634 0.0 28000
1695867010504 0.0 32000
1695867089017 0.0 36000
1695867167918 0.0 40000
1695867246590 0.0 44000
1695867324925 0.0 48000
1695867398829 0.0 52000
1695867471311 0.0 56000
1695867543774 0.0 60000
1695867616340 0.0 64000
1695867688731 0.0 68000
1695867761212 0.0 72000
1695867833713 0.0 76000
1695867906031 0.0 80000
1695867978713 0.0 84000
1695868051011 0.0 88000
1695868123248 0.0 92000
1695868195457 0.0 96000
1695868267556 0.0 100000
1695868339910 0.0 104000
1695868412143 0.0 108000
1695868484320 0.0 112000
1695868556634 0.0 116000
1695868628902 0.0 120000
1695868701624 0.0 124000
1695868773963 0.0 128000
1695868846344 0.0 132000
1695868918375 0.0 136000
1695868990694 0.0 140000
1695869062795 0.0 144000
1695869135028 0.0 148000
1695869207456 0.0 152000
1695869279543 0.0 156000
1695869351789 0.0 160000
1695869424206 0.0 164000
1695869496409 0.0 168000
1695869568831 0.0 172000
1695869641112 0.0 176000
1695869713339 0.0 180000
1695869785824 0.0 184000
1695869858522 0.0 188000
1695869931202 0.0 192000
1695870003541 0.0 196000
1695870076066 0.0 200000
1695870148297 0.0 204000
1695870220423 0.0 208000
1695870291226 0.0 212000
1695870362974 0.0 216000
1695870434898 0.0 220000
1695870507423 0.0 224000
1695870580532 0.0 228000
1695870653011 0.0 232000
1695870725380 0.0 236000
1695870797528 0.0 240000
1695870869839 0.0 244000
1695870942281 0.0 248000
1695871014840 0.0 252000
1695871087117 0.0 256000
1695871159304 0.0 260000
1695871231725 0.0 264000
1695871304376 0.0 268000
