1695866617929 0.0 12000
1695866696154 0.0 16000
1695866774336 0.0 20000
1695866852825 0.0 24000
1695866931636 0.0 28000
1695867010505 0.0 32000
1695867089018 0.0 36000
1695867167919 0.0 40000
1695867246591 0.0 44000
1695867324926 0.0 48000
1695867398830 0.0 52000
1695867471313 0.0 56000
1695867543776 0.0 60000
1695867616342 0.0 64000
1695867688732 0.0 68000
1695867761213 0.0 72000
1695867833714 0.0 76000
1695867906032 0.0 80000
1695867978714 0.0 84000
1695868051012 0.0 88000
1695868123249 0.0 92000
1695868195458 0.0 96000
1695868267557 0.0 100000
1695868339911 0.0 104000
1695868412145 0.0 108000
1695868484322 0.0 112000
1695868556635 0.0 116000
1695868628903 0.0 120000
1695868701625 0.0 124000
1695868773964 0.0 128000
1695868846345 0.0 132000
1695868918376 0.0 136000
1695868990695 0.0 140000
1695869062796 0.0 144000
1695869135029 0.0 148000
1695869207457 0.0 152000
1695869279544 0.0 156000
1695869351790 0.0 160000
1695869424207 0.0 164000
1695869496410 0.0 168000
1695869568832 0.0 172000
1695869641114 0.0 176000
1695869713340 0.0 180000
1695869785825 0.0 184000
1695869858523 0.0 188000
1695869931203 0.0 192000
1695870003542 0.0 196000
1695870076067 0.0 200000
1695870148298 0.0 204000
1695870220424 0.0 208000
1695870291227 0.0 212000
1695870362975 0.0 216000
1695870434898 0.0 220000
1695870507424 0.0 224000
1695870580534 0.0 228000
1695870653012 0.0 232000
1695870725381 0.0 236000
1695870797529 0.0 240000
1695870869840 0.0 244000
1695870942282 0.0 248000
1695871014841 0.0 252000
1695871087118 0.0 256000
1695871159305 0.0 260000
1695871231726 0.0 264000
1695871304377 0.0 268000
