1695866617932 0.0 12000
1695866696156 0.0 16000
1695866774338 0.0 20000
1695866852827 0.0 24000
1695866931638 0.0 28000
1695867010507 0.0 32000
1695867089021 0.0 36000
1695867167921 0.0 40000
1695867246594 0.0 44000
1695867324928 0.0 48000
1695867398832 0.0 52000
1695867471315 0.0 56000
1695867543778 0.0 60000
1695867616344 0.0 64000
1695867688734 0.0 68000
1695867761215 0.0 72000
1695867833716 0.0 76000
1695867906034 0.0 80000
1695867978716 0.0 84000
1695868051014 0.0 88000
1695868123251 0.0 92000
1695868195460 0.0 96000
1695868267559 0.0 100000
1695868339913 0.0 104000
1695868412147 0.0 108000
1695868484324 0.0 112000
1695868556637 0.0 116000
1695868628905 0.0 120000
1695868701628 0.0 124000
1695868773967 0.0 128000
1695868846347 0.0 132000
1695868918379 0.0 136000
1695868990698 0.0 140000
1695869062797 0.0 144000
1695869135031 0.0 148000
1695869207459 0.0 152000
1695869279547 0.0 156000
1695869351792 0.0 160000
1695869424209 0.0 164000
1695869496412 0.0 168000
1695869568835 0.0 172000
1695869641116 0.0 176000
1695869713342 0.0 180000
1695869785827 0.0 184000
1695869858525 0.0 188000
1695869931205 0.0 192000
1695870003544 0.0 196000
1695870076069 0.0 200000
1695870148300 0.0 204000
1695870220427 0.0 208000
1695870291229 0.0 212000
1695870362977 0.0 216000
1695870434901 0.0 220000
1695870507426 0.0 224000
1695870580535 0.0 228000
1695870653015 0.0 232000
1695870725383 0.0 236000
1695870797531 0.0 240000
1695870869843 0.0 244000
1695870942284 0.0 248000
1695871014844 0.0 252000
1695871087120 0.0 256000
1695871159307 0.0 260000
1695871231728 0.0 264000
1695871304379 0.0 268000
