1695866617933 0.0 12000
1695866696157 0.0 16000
1695866774339 0.0 20000
1695866852828 0.0 24000
1695866931639 0.0 28000
1695867010509 0.0 32000
1695867089022 0.0 36000
1695867167922 0.0 40000
1695867246595 0.0 44000
1695867324929 0.0 48000
1695867398833 0.0 52000
1695867471316 0.0 56000
1695867543779 0.0 60000
1695867616345 0.0 64000
1695867688735 0.0 68000
1695867761215 0.0 72000
1695867833717 0.0 76000
1695867906035 0.0 80000
1695867978717 0.0 84000
1695868051015 0.0 88000
1695868123252 0.0 92000
1695868195461 0.0 96000
1695868267560 0.0 100000
1695868339914 0.0 104000
1695868412148 0.0 108000
1695868484325 0.0 112000
1695868556638 0.0 116000
1695868628906 0.0 120000
1695868701629 0.0 124000
1695868773968 0.0 128000
1695868846348 0.0 132000
1695868918380 0.0 136000
1695868990699 0.0 140000
1695869062798 0.0 144000
1695869135032 0.0 148000
1695869207460 0.0 152000
1695869279548 0.0 156000
1695869351793 0.0 160000
1695869424210 0.0 164000
1695869496413 0.0 168000
1695869568836 0.0 172000
1695869641117 0.0 176000
1695869713343 0.0 180000
1695869785828 0.0 184000
1695869858526 0.0 188000
1695869931206 0.0 192000
1695870003545 0.0 196000
1695870076070 0.0 200000
1695870148301 0.0 204000
1695870220428 0.0 208000
1695870291230 0.0 212000
1695870362978 0.0 216000
1695870434902 0.0 220000
1695870507427 0.0 224000
1695870580536 0.0 228000
1695870653016 0.0 232000
1695870725385 0.0 236000
1695870797532 0.0 240000
1695870869844 0.0 244000
1695870942285 0.0 248000
1695871014845 0.0 252000
1695871087122 0.0 256000
1695871159308 0.0 260000
1695871231729 0.0 264000
1695871304380 0.0 268000
