1695866617930 0.0 12000
1695866696155 0.0 16000
1695866774337 0.0 20000
1695866852826 0.0 24000
1695866931637 0.0 28000
1695867010506 0.0 32000
1695867089020 0.0 36000
1695867167920 0.0 40000
1695867246593 0.0 44000
1695867324927 0.0 48000
1695867398831 0.0 52000
1695867471314 0.0 56000
1695867543777 0.0 60000
1695867616343 0.0 64000
1695867688733 0.0 68000
1695867761214 0.0 72000
1695867833715 0.0 76000
1695867906033 0.0 80000
1695867978715 0.0 84000
1695868051013 0.0 88000
1695868123250 0.0 92000
1695868195459 0.0 96000
1695868267558 0.0 100000
1695868339912 0.0 104000
1695868412146 0.0 108000
1695868484323 0.0 112000
1695868556636 0.0 116000
1695868628904 0.0 120000
1695868701627 0.0 124000
1695868773966 0.0 128000
1695868846346 0.0 132000
1695868918377 0.0 136000
1695868990696 0.0 140000
1695869062797 0.0 144000
1695869135030 0.0 148000
1695869207458 0.0 152000
1695869279546 0.0 156000
1695869351791 0.0 160000
1695869424208 0.0 164000
1695869496411 0.0 168000
1695869568834 0.0 172000
1695869641115 0.0 176000
1695869713341 0.0 180000
1695869785826 0.0 184000
1695869858524 0.0 188000
1695869931204 0.0 192000
1695870003543 0.0 196000
1695870076068 0.0 200000
1695870148299 0.0 204000
1695870220426 0.0 208000
1695870291228 0.0 212000
1695870362976 0.0 216000
1695870434899 0.0 220000
1695870507425 0.0 224000
1695870580534 0.0 228000
1695870653013 0.0 232000
1695870725382 0.0 236000
1695870797530 0.0 240000
1695870869841 0.0 244000
1695870942283 0.0 248000
1695871014843 0.0 252000
1695871087119 0.0 256000
1695871159306 0.0 260000
1695871231727 0.0 264000
1695871304378 0.0 268000
