1695866460335 0.5 4000
1695866539266 0.5 8000
1695866617988 0.5 12000
1695866696211 0.5 16000
1695866774394 0.5 20000
1695866852878 0.5 24000
1695866931695 0.5 28000
1695867010561 0.5 32000
1695867089075 0.5 36000
1695867167977 0.5 40000
1695867246646 0.5 44000
1695867324985 0.5 48000
1695867398890 0.5 52000
1695867471367 0.5 56000
1695867543842 0.5 60000
1695867616399 0.5 64000
1695867688787 0.5 68000
1695867761268 0.5 72000
1695867833772 0.5 76000
1695867906095 0.5 80000
1695867978768 0.5 84000
1695868051071 0.5 88000
1695868123309 0.5 92000
1695868195512 0.5 96000
1695868267615 0.5 100000
1695868339966 0.5 104000
1695868412204 0.5 108000
1695868484383 0.5 112000
1695868556689 0.5 116000
1695868628959 0.5 120000
1695868701683 0.5 124000
1695868774022 0.5 128000
1695868846399 0.5 132000
1695868918436 0.5 136000
1695868990758 0.5 140000
1695869062852 0.5 144000
1695869135084 0.5 148000
1695869207517 0.5 152000
1695869279600 0.5 156000
1695869351851 0.5 160000
1695869424263 0.5 164000
1695869496464 0.5 168000
1695869568888 0.5 172000
1695869641177 0.5 176000
1695869713400 0.5 180000
1695869785882 0.5 184000
1695869858583 0.5 188000
1695869931260 0.5 192000
1695870003603 0.5 196000
1695870076127 0.5 200000
1695870148360 0.5 204000
1695870220480 0.5 208000
1695870291281 0.5 212000
1695870363032 0.5 216000
1695870434954 0.5 220000
1695870507478 0.5 224000
1695870580587 0.5 228000
1695870653079 0.5 232000
1695870725437 0.5 236000
1695870797584 0.5 240000
1695870869895 0.5 244000
1695870942339 0.5 248000
1695871014902 0.5 252000
1695871087180 0.5 256000
1695871159362 0.5 260000
1695871231781 0.5 264000
1695871304431 0.5 268000
