1695866460334 0.0 4000
1695866539264 0.0 8000
1695866617987 0.0 12000
1695866696210 0.0 16000
1695866774393 0.0 20000
1695866852877 0.0 24000
1695866931694 0.0 28000
1695867010560 0.0 32000
1695867089074 0.0 36000
1695867167976 0.0 40000
1695867246645 0.0 44000
1695867324984 0.0 48000
1695867398889 0.0 52000
1695867471366 0.0 56000
1695867543841 0.0 60000
1695867616398 0.0 64000
1695867688786 0.0 68000
1695867761267 0.0 72000
1695867833770 0.0 76000
1695867906094 0.0 80000
1695867978767 0.0 84000
1695868051069 0.0 88000
1695868123307 0.0 92000
1695868195511 0.0 96000
1695868267614 0.0 100000
1695868339965 0.0 104000
1695868412203 0.0 108000
1695868484382 0.0 112000
1695868556688 0.0 116000
1695868628958 0.0 120000
1695868701682 0.0 124000
1695868774020 0.0 128000
1695868846398 0.0 132000
1695868918435 0.0 136000
1695868990757 0.0 140000
1695869062851 0.0 144000
1695869135083 0.0 148000
1695869207515 0.0 152000
1695869279599 0.0 156000
1695869351850 0.0 160000
1695869424261 0.0 164000
1695869496463 0.0 168000
1695869568887 0.0 172000
1695869641176 0.0 176000
1695869713399 0.0 180000
1695869785881 0.0 184000
1695869858582 0.0 188000
1695869931259 0.0 192000
1695870003601 0.0 196000
1695870076126 0.0 200000
1695870148359 0.0 204000
1695870220479 0.0 208000
1695870291280 0.0 212000
1695870363031 0.0 216000
1695870434953 0.0 220000
1695870507477 0.0 224000
1695870580586 0.0 228000
1695870653078 0.0 232000
1695870725436 0.0 236000
1695870797582 0.0 240000
1695870869894 0.0 244000
1695870942338 0.0 248000
1695871014901 0.0 252000
1695871087178 0.0 256000
1695871159361 0.0 260000
1695871231780 0.0 264000
1695871304429 0.0 268000
