1695866460336 0.0015 4000
1695866539266 0.0015 8000
1695866617989 0.0015 12000
1695866696211 0.0015 16000
1695866774395 0.0015 20000
1695866852879 0.0015 24000
1695866931696 0.0015 28000
1695867010562 0.0015 32000
1695867089076 0.0015 36000
1695867167978 0.0015 40000
1695867246647 0.0015 44000
1695867324985 0.0015 48000
1695867398891 0.0015 52000
1695867471368 0.0015 56000
1695867543843 0.0015 60000
1695867616400 0.0015 64000
1695867688787 0.0015 68000
1695867761268 0.0015 72000
1695867833772 0.0015 76000
1695867906096 0.0015 80000
1695867978769 0.0015 84000
1695868051071 0.0015 88000
1695868123309 0.0015 92000
1695868195513 0.0015 96000
1695868267616 0.0015 100000
1695868339967 0.0015 104000
1695868412205 0.0015 108000
1695868484383 0.0015 112000
1695868556690 0.0015 116000
1695868628960 0.0015 120000
1695868701683 0.0015 124000
1695868774022 0.0015 128000
1695868846399 0.0015 132000
1695868918437 0.0015 136000
1695868990758 0.0015 140000
1695869062853 0.0015 144000
1695869135084 0.0015 148000
1695869207517 0.0015 152000
1695869279601 0.0015 156000
1695869351851 0.0015 160000
1695869424263 0.0015 164000
1695869496465 0.0015 168000
1695869568889 0.0015 172000
1695869641177 0.0015 176000
1695869713401 0.0015 180000
1695869785883 0.0015 184000
1695869858583 0.0015 188000
1695869931261 0.0015 192000
1695870003603 0.0015 196000
1695870076127 0.0015 200000
1695870148361 0.0015 204000
1695870220481 0.0015 208000
1695870291282 0.0015 212000
1695870363033 0.0015 216000
1695870434955 0.0015 220000
1695870507479 0.0015 224000
1695870580588 0.0015 228000
1695870653079 0.0015 232000
1695870725438 0.0015 236000
1695870797584 0.0015 240000
1695870869895 0.0015 244000
1695870942340 0.0015 248000
1695871014902 0.0015 252000
1695871087180 0.0015 256000
1695871159362 0.0015 260000
1695871231782 0.0015 264000
1695871304431 0.0015 268000
