1695866617922 1.866862500000001 12000
1695866696147 -0.18100000000000013 16000
1695866774330 -0.18100000000000013 20000
1695866852819 -0.18100000000000013 24000
1695866931629 -0.18100000000000013 28000
1695867010498 -0.18100000000000013 32000
1695867089012 -0.18100000000000013 36000
1695867167913 -0.18100000000000013 40000
1695867246585 -0.18100000000000013 44000
1695867324920 -0.18100000000000013 48000
1695867398824 -0.18100000000000013 52000
1695867471307 -0.18100000000000013 56000
1695867543769 -0.18100000000000013 60000
1695867616335 -0.19200000000000014 64000
1695867688727 -0.19200000000000014 68000
1695867761207 -0.19200000000000014 72000
1695867833708 -0.19200000000000014 76000
1695867906025 -0.35600000000000026 80000
1695867978709 -0.35600000000000026 84000
1695868051005 -0.35600000000000026 88000
1695868123243 -0.35600000000000026 92000
1695868195452 -0.35600000000000026 96000
1695868267550 -0.35600000000000026 100000
1695868339905 -0.35600000000000026 104000
1695868412138 -0.35600000000000026 108000
1695868484315 -0.35600000000000026 112000
1695868556629 -0.35600000000000026 116000
1695868628897 -0.35600000000000026 120000
1695868701619 -0.35600000000000026 124000
1695868773958 -0.35600000000000026 128000
1695868846339 -0.35600000000000026 132000
1695868918370 -0.35600000000000026 136000
1695868990688 -0.35600000000000026 140000
1695869062790 -0.35600000000000026 144000
1695869135023 -0.35600000000000026 148000
1695869207450 -0.35600000000000026 152000
1695869279538 -0.2891406250000004 156000
1695869351785 -0.2891406250000004 160000
1695869424201 0.3290589542721147 164000
1695869496405 0.3516932378162253 168000
1695869568825 0.3516932378162253 172000
1695869641107 0.3516932378162253 176000
1695869713334 0.3516932378162253 180000
1695869785819 0.3516932378162253 184000
1695869858517 0.3516932378162253 188000
1695869931198 0.3516932378162253 192000
1695870003536 0.3516932378162253 196000
1695870076061 0.3516932378162253 200000
1695870148292 0.36269323781622487 204000
1695870220418 0.5634999999999998 208000
1695870291221 0.13565624999999965 212000
1695870362970 0.13565624999999965 216000
1695870434893 0.13565624999999965 220000
1695870507419 0.13565624999999965 224000
1695870580528 0.13565624999999965 228000
1695870653005 0.13565624999999965 232000
1695870725375 0.13565624999999965 236000
1695870797522 0.13565624999999965 240000
1695870869835 -0.1370000000000001 244000
1695870942277 -0.1370000000000001 248000
1695871014835 -0.1370000000000001 252000
1695871087112 -0.1370000000000001 256000
1695871159299 -0.1370000000000001 260000
1695871231721 -0.1370000000000001 264000
1695871304372 -0.1370000000000001 268000
