1695866617923 -0.19500000000000015 12000
1695866696148 -0.2790000000000002 16000
1695866774330 -0.2790000000000002 20000
1695866852820 -0.2790000000000002 24000
1695866931630 -0.2790000000000002 28000
1695867010499 -0.2790000000000002 32000
1695867089013 -0.3135000000000002 36000
1695867167913 -0.3135000000000002 40000
1695867246586 -0.3135000000000002 44000
1695867324920 -0.3135000000000002 48000
1695867398824 -0.3135000000000002 52000
1695867471307 -0.3135000000000002 56000
1695867543770 -0.3135000000000002 60000
1695867616336 -0.3135000000000002 64000
1695867688728 -0.3135000000000002 68000
1695867761208 -0.3135000000000002 72000
1695867833709 -0.3135000000000002 76000
1695867906026 -0.3135000000000002 80000
1695867978709 -0.3135000000000002 84000
1695868051006 -0.3135000000000002 88000
1695868123244 -0.3135000000000002 92000
1695868195453 -0.3135000000000002 96000
1695868267551 -0.3135000000000002 100000
1695868339905 -0.3135000000000002 104000
1695868412139 -0.3135000000000002 108000
1695868484316 -0.3135000000000002 112000
1695868556629 -0.3135000000000002 116000
1695868628897 -0.3135000000000002 120000
1695868701620 -0.22950000000000018 124000
1695868773959 -0.09840979572788508 128000
1695868846340 -0.09840979572788508 132000
1695868918370 -0.09840979572788508 136000
1695868990689 -0.09840979572788508 140000
1695869062790 -0.09840979572788508 144000
1695869135024 -0.09840979572788508 148000
1695869207451 -0.09840979572788508 152000
1695869279539 -0.09840979572788508 156000
1695869351785 -0.09840979572788508 160000
1695869424201 -0.03600000000000001 164000
1695869496405 0.34399999999999986 168000
1695869568826 0.3814999999999999 172000
1695869641108 0.3964999999999999 176000
1695869713334 0.4009999999999999 180000
1695869785819 0.3859999999999999 184000
1695869858518 0.3859999999999999 188000
1695869931198 0.3859999999999999 192000
1695870003537 0.3859999999999999 196000
1695870076061 0.3859999999999999 200000
1695870148293 0.3859999999999999 204000
1695870220419 0.3859999999999999 208000
1695870291222 0.3859999999999999 212000
1695870362970 0.3859999999999999 216000
1695870434894 0.3859999999999999 220000
1695870507419 0.46549999999999997 224000
1695870580528 0.46549999999999997 228000
1695870653006 0.46549999999999997 232000
1695870725375 0.46549999999999997 236000
1695870797523 0.46549999999999997 240000
1695870869835 0.46549999999999997 244000
1695870942277 0.46549999999999997 248000
1695871014836 0.46549999999999997 252000
1695871087112 0.4715 256000
1695871159300 0.4715 260000
1695871231721 0.4715 264000
1695871304372 0.4715 268000
