1695866617857 0.2386431015103584 12000
1695866696092 0.23935577835305372 16000
1695866774276 0.23967275203535932 20000
1695866852760 0.23958670993767608 24000
1695866931575 0.23979305813272916 28000
1695867010438 0.2400434703610757 32000
1695867088959 0.2402712664534663 36000
1695867167858 0.2404071920829533 40000
1695867246527 0.24052750232508438 44000
1695867324861 0.24054527366876938 48000
1695867398767 0.2407556086334323 52000
1695867471246 0.24073927747881643 56000
1695867543713 0.24045527626506882 60000
1695867616277 0.24000923474341537 64000
1695867688669 0.23985923845608717 68000
1695867761149 0.23919394951885461 72000
1695867833649 0.2387000654416853 76000
1695867905970 0.2380699472092684 80000
1695867978648 0.2380699472092684 84000
1695868050947 0.23754718485021342 88000
1695868123174 0.23642883221550173 92000
1695868195390 0.23610747613888827 96000
1695868267489 0.23589046611360528 100000
1695868339846 0.23517615587257779 104000
1695868412080 0.23440442061136563 108000
1695868484259 0.23399775618181376 112000
1695868556566 0.23268168980889015 116000
1695868628837 0.23180844671774573 120000
1695868701559 0.23068687917745861 124000
1695868773898 0.22956549739156482 128000
1695868846276 0.22874940007501438 132000
1695868918307 0.22756202163764722 136000
1695868990631 0.22629291352841488 140000
1695869062732 0.2250847262530667 144000
1695869134962 0.22448696038550728 148000
1695869207387 0.2239944744466195 152000
1695869279481 0.22327625919788371 156000
1695869351723 0.2227884373433104 160000
1695869424141 0.22237381831601905 164000
1695869496345 0.2216311394796578 168000
1695869568764 0.22096801461348076 172000
1695869641046 0.22028572698288135 176000
1695869713273 0.2199735078468197 180000
1695869785758 0.21949823960491632 184000
1695869858457 0.21928859918593935 188000
1695869931137 0.21904851094163927 192000
1695870003474 0.21876831163787722 196000
1695870076000 0.21867543141583493 200000
1695870148235 0.21853767985290148 204000
1695870220360 0.21827583077815235 208000
1695870291160 0.2181396162390843 212000
1695870362914 0.21808816684287552 216000
1695870434834 0.21798751980859268 220000
1695870507357 0.21786985265027023 224000
1695870580465 0.2177838898971901 228000
1695870652941 0.21769409214237445 232000
1695870725315 0.2179149890231113 236000
1695870797462 0.21770962595719445 240000
1695870869772 0.21758787177719965 244000
1695870942217 0.21754624239355722 248000
1695871014779 0.21749768816441314 252000
1695871087056 0.2173392941061989 256000
1695871159238 0.21718489541089422 260000
1695871231660 0.21709484383051592 264000
1695871304309 0.21698097227549876 268000
