1695866617860 0.0 12000
1695866696094 0.0 16000
1695866774278 0.0 20000
1695866852762 0.0 24000
1695866931577 0.0 28000
1695867010440 0.0 32000
1695867088961 0.0 36000
1695867167860 0.0 40000
1695867246529 0.0 44000
1695867324863 0.0 48000
1695867398769 0.0 52000
1695867471248 0.0 56000
1695867543715 0.0 60000
1695867616279 0.0 64000
1695867688671 0.0 68000
1695867761152 0.0 72000
1695867833651 0.0 76000
1695867905972 0.0 80000
1695867978650 0.0 84000
1695868050949 0.0 88000
1695868123177 0.0 92000
1695868195393 0.0 96000
1695868267491 0.0 100000
1695868339848 0.0 104000
1695868412083 0.0 108000
1695868484261 0.0 112000
1695868556569 0.0 116000
1695868628839 0.0 120000
1695868701562 0.0 124000
1695868773900 0.0 128000
1695868846278 0.0 132000
1695868918309 0.0 136000
1695868990634 0.0 140000
1695869062734 0.0 144000
1695869134965 0.0 148000
1695869207389 0.0 152000
1695869279483 0.0 156000
1695869351725 0.0 160000
1695869424143 0.0 164000
1695869496347 0.0 168000
1695869568766 0.0 172000
1695869641048 0.0 176000
1695869713275 0.0 180000
1695869785761 0.0 184000
1695869858459 0.0 188000
1695869931139 0.0 192000
1695870003477 0.0 196000
1695870076002 0.0 200000
1695870148237 0.0 204000
1695870220362 0.0 208000
1695870291162 0.0 212000
1695870362917 0.0 216000
1695870434836 0.0 220000
1695870507359 0.0 224000
1695870580467 0.0 228000
1695870652943 0.0 232000
1695870725317 0.0 236000
1695870797465 0.0 240000
1695870869774 0.0 244000
1695870942219 0.0 248000
1695871014781 0.0 252000
1695871087058 0.0 256000
1695871159240 0.0 260000
1695871231662 0.0 264000
1695871304311 0.0 268000
