1695866617860 0.13093864987235979 12000
1695866696093 0.1319456309123414 16000
1695866774277 0.13233240610356306 20000
1695866852761 0.13231313953370816 24000
1695866931577 0.1325284324191594 28000
1695867010440 0.13276541975547407 32000
1695867088961 0.13305956776052175 36000
1695867167860 0.13327211096524788 40000
1695867246528 0.13339351982225595 44000
1695867324863 0.1334339987174298 48000
1695867398768 0.1337727764183006 52000
1695867471247 0.13378338604364873 56000
1695867543714 0.13369171973386673 60000
1695867616279 0.13342532420971387 64000
1695867688670 0.13337016181601127 68000
1695867761151 0.13300323520289142 72000
1695867833650 0.13271150430021383 76000
1695867905972 0.1323605893008361 80000
1695867978649 0.1323605893008361 84000
1695868050949 0.13206006252449093 88000
1695868123176 0.13141383982033972 92000
1695868195392 0.13121555007029326 96000
1695868267491 0.13108942365579715 100000
1695868339848 0.13067172620545145 104000
1695868412082 0.13026174324688997 108000
1695868484261 0.13006554009024549 112000
1695868556568 0.12933846779105307 116000
1695868628839 0.12881818961539163 120000
1695868701561 0.12816709004614898 124000
1695868773900 0.1274680932486862 128000
1695868846277 0.1269535596889585 132000
1695868918309 0.12621315204567202 136000
1695868990633 0.1253924788056168 140000
1695869062733 0.12463737126533525 144000
1695869134964 0.1242698393759221 148000
1695869207389 0.12396476312861987 152000
1695869279483 0.12347941429395509 156000
1695869351725 0.12314762761129758 160000
1695869424143 0.12288494338975758 164000
1695869496347 0.12241886257167155 168000
1695869568766 0.12197462737294408 172000
1695869641047 0.12152112029436628 176000
1695869713274 0.12130484058715561 180000
1695869785760 0.12096923318824873 184000
1695869858458 0.12080071969000727 188000
1695869931138 0.1206259382196036 192000
1695870003476 0.12045212143529593 196000
1695870076002 0.12040025578300206 200000
1695870148237 0.12027162057122755 204000
1695870220362 0.12007519019035447 208000
1695870291161 0.11998627819471988 212000
1695870362916 0.11988541228806884 216000
1695870434835 0.1198265359706716 220000
1695870507359 0.11972764184629611 224000
1695870580467 0.11965547666252274 228000
1695870652943 0.11952676512728445 232000
1695870725316 0.11952646554909427 236000
1695870797464 0.11940174861333826 240000
1695870869774 0.11933999835671409 244000
1695870942219 0.11926674315299066 248000
1695871014781 0.11921784290443428 252000
1695871087058 0.11911345717277486 256000
1695871159239 0.11897917653739036 260000
1695871231662 0.11893523721422762 264000
1695871304311 0.1188820797894241 268000
