1695866617859 0.07434411410189587 12000
1695866696093 0.07517726068511023 16000
1695866774277 0.07533925136552143 20000
1695866852761 0.07532460493806202 24000
1695866931576 0.07551425598364023 28000
1695867010439 0.07562229345756882 32000
1695867088960 0.07575612393884888 36000
1695867167859 0.07585847753624719 40000
1695867246528 0.07591358161551116 44000
1695867324862 0.07593922603911159 48000
1695867398768 0.07609920618625103 52000
1695867471247 0.07609431176903464 56000
1695867543714 0.07598469013890212 60000
1695867616278 0.07579579954653363 64000
1695867688670 0.07572285906973203 68000
1695867761150 0.07544707518959565 72000
1695867833650 0.07524257371515308 76000
1695867905971 0.07496362723904146 80000
1695867978649 0.07496362723904146 84000
1695868050948 0.07474590947912695 88000
1695868123176 0.07426163131167184 92000
1695868195391 0.07412213409851152 96000
1695868267490 0.07402775078796744 100000
1695868339847 0.07371745831465 104000
1695868412082 0.07339930389619892 108000
1695868484260 0.07322856112991404 112000
1695868556567 0.07266878271049725 116000
1695868628838 0.07228644122980653 120000
1695868701561 0.07180257874300754 124000
1695868773899 0.07130528237698276 128000
1695868846277 0.07093884942054107 132000
1695868918308 0.07041109167990654 136000
1695868990633 0.06985246766575799 140000
1695869062733 0.06932306136473093 144000
1695869134963 0.06905016414237618 148000
1695869207388 0.06881790833610103 152000
1695869279482 0.06849934724306883 156000
1695869351724 0.06827432220170385 160000
1695869424142 0.06809383902544328 164000
1695869496346 0.06776007345398864 168000
1695869568765 0.06746395491624022 172000
1695869641047 0.06715526022807798 176000
1695869713274 0.06701348842026679 180000
1695869785759 0.06679788414863654 184000
1695869858458 0.06668137131598116 188000
1695869931138 0.06656189261519396 192000
1695870003476 0.06641483193402414 196000
1695870076001 0.06636758984716988 200000
1695870148236 0.06628272553673681 204000
1695870220361 0.06616533856016513 208000
1695870291161 0.06608625600085387 212000
1695870362916 0.06603115144086825 216000
1695870434835 0.06596127793317516 220000
1695870507358 0.06589651134247386 224000
1695870580466 0.06584086781491184 228000
1695870652942 0.0657621890499501 232000
1695870725316 0.06574806630979634 236000
1695870797463 0.06566890144884972 240000
1695870869773 0.0656092583678667 244000
1695870942218 0.06555677262059996 248000
1695871014780 0.06552648828436856 252000
1695871087057 0.06544835036579101 256000
1695871159239 0.06536271939613303 260000
1695871231661 0.06531966375471124 264000
1695871304310 0.06528505458392356 268000
