1695864210329 0.0 16000
1695864289203 0.0 20000
1695864367955 0.0 24000
1695864446615 0.0 28000
1695864524946 0.0 32000
1695864603019 0.0 36000
1695864681307 0.0 40000
1695864759793 0.0 44000
1695864838353 0.0 48000
1695864917168 0.0 52000
1695864995629 0.0 56000
1695865073857 0.0 60000
1695865152226 0.0 64000
1695865230427 0.0 68000
1695865308697 0.0 72000
1695865386803 0.0 76000
1695865465421 0.0 80000
1695865543596 0.0 84000
1695865622144 0.0 88000
1695865700511 0.0 92000
1695865778951 0.0 96000
1695865857296 0.0 100000
1695865935650 0.0 104000
1695866013954 0.0 108000
1695866092381 0.0 112000
1695866170745 0.0 116000
1695866249423 0.0 120000
