1695864210328 0.0 16000
1695864289203 0.0 20000
1695864367955 0.0 24000
1695864446615 0.0 28000
1695864524945 0.0 32000
1695864603018 0.0 36000
1695864681307 0.03333333333333333 40000
1695864759792 0.03333333333333333 44000
1695864838353 0.03333333333333333 48000
1695864917168 0.025 52000
1695864995629 0.025 56000
1695865073857 0.025 60000
1695865152225 0.06 64000
1695865230427 0.06 68000
1695865308696 0.0784313725490196 72000
1695865386802 0.07407407407407407 76000
1695865465421 0.06666666666666667 80000
1695865543596 0.08196721311475409 84000
1695865622144 0.07692307692307693 88000
1695865700511 0.07142857142857142 92000
1695865778951 0.07042253521126761 96000
1695865857295 0.08108108108108109 100000
1695865935650 0.075 104000
1695866013954 0.07407407407407407 108000
1695866092380 0.07142857142857142 112000
1695866170744 0.06666666666666667 116000
1695866249423 0.06593406593406594 120000
