1695864210329 0.0 16000
1695864289203 0.0 20000
1695864367955 0.0 24000
1695864446615 0.0 28000
1695864524946 0.0 32000
1695864603019 0.0 36000
1695864681308 1.0 40000
1695864759793 1.0 44000
1695864838354 1.0 48000
1695864917169 1.0 52000
1695864995629 1.0 56000
1695865073857 1.0 60000
1695865152226 1.0 64000
1695865230428 1.0 68000
1695865308697 1.0 72000
1695865386803 1.0 76000
1695865465421 1.0 80000
1695865543596 1.0 84000
1695865622144 1.0 88000
1695865700512 1.0 92000
1695865778951 1.0 96000
1695865857296 1.0 100000
1695865935651 1.0 104000
1695866013954 1.0 108000
1695866092381 1.0 112000
1695866170745 1.0 116000
1695866249423 1.0 120000
