1695864210333 0.0 16000
1695864289207 0.0 20000
1695864367959 0.0 24000
1695864446619 0.0 28000
1695864524950 0.0 32000
1695864603023 0.0 36000
1695864681311 0.0 40000
1695864759797 0.0 44000
1695864838358 0.0 48000
1695864917173 0.0 52000
1695864995633 0.0 56000
1695865073861 0.0 60000
1695865152229 0.0 64000
1695865230431 0.0 68000
1695865308701 0.0 72000
1695865386807 0.0 76000
1695865465425 0.0 80000
1695865543600 0.0 84000
1695865622148 0.0 88000
1695865700515 0.0 92000
1695865778955 0.0 96000
1695865857300 0.0 100000
1695865935654 0.0 104000
1695866013958 0.0 108000
1695866092384 0.0 112000
1695866170748 0.0 116000
1695866249427 0.0 120000
