1695864210330 0.0 16000
1695864289204 0.0 20000
1695864367956 0.0 24000
1695864446617 0.0 28000
1695864524947 0.0 32000
1695864603021 0.0 36000
1695864681309 0.0 40000
1695864759794 0.0 44000
1695864838355 0.0 48000
1695864917170 0.0 52000
1695864995631 0.0 56000
1695865073859 0.0 60000
1695865152227 0.0 64000
1695865230429 0.0 68000
1695865308698 0.0 72000
1695865386804 0.0 76000
1695865465423 0.0 80000
1695865543598 0.0 84000
1695865622145 0.0 88000
1695865700513 0.0 92000
1695865778953 0.0 96000
1695865857298 0.0 100000
1695865935652 0.0 104000
1695866013955 0.0 108000
1695866092382 0.0 112000
1695866170746 0.0 116000
1695866249424 0.0 120000
