1695864210329 0.0 16000
1695864289204 0.0 20000
1695864367956 0.0 24000
1695864446616 0.0 28000
1695864524947 0.0 32000
1695864603020 0.0 36000
1695864681308 0.0 40000
1695864759794 0.0 44000
1695864838354 0.0 48000
1695864917169 0.0 52000
1695864995630 0.0 56000
1695865073858 0.0 60000
1695865152227 0.0 64000
1695865230428 0.0 68000
1695865308697 0.0 72000
1695865386803 0.0 76000
1695865465422 0.0 80000
1695865543597 0.0 84000
1695865622145 0.0 88000
1695865700512 0.0 92000
1695865778952 0.0 96000
1695865857297 0.0 100000
1695865935651 0.0 104000
1695866013955 0.0 108000
1695866092381 0.0 112000
1695866170745 0.0 116000
1695866249424 0.0 120000
