1695864210332 0.0 16000
1695864289205 0.0 20000
1695864367958 0.0 24000
1695864446618 0.0 28000
1695864524949 0.0 32000
1695864603022 0.0 36000
1695864681310 0.0 40000
1695864759796 0.0 44000
1695864838356 0.0 48000
1695864917171 0.0 52000
1695864995632 0.0 56000
1695865073860 0.0 60000
1695865152228 0.0 64000
1695865230430 0.0 68000
1695865308700 0.0 72000
1695865386805 0.0 76000
1695865465424 0.0 80000
1695865543599 0.0 84000
1695865622146 0.0 88000
1695865700514 0.0 92000
1695865778954 0.0 96000
1695865857299 0.0 100000
1695865935653 0.0 104000
1695866013957 0.0 108000
1695866092383 0.0 112000
1695866170747 0.0 116000
1695866249425 0.0 120000
