1695866617853 -0.19500000000000015 12000
1695866696089 -0.2790000000000002 16000
1695866774273 -0.2790000000000002 20000
1695866852757 -0.2790000000000002 24000
1695866931573 -0.2790000000000002 28000
1695867010435 -0.2790000000000002 32000
1695867088956 -0.3135000000000002 36000
1695867167855 -0.3135000000000002 40000
1695867246524 -0.3135000000000002 44000
1695867324859 -0.3135000000000002 48000
1695867398764 -0.3135000000000002 52000
1695867471243 -0.3135000000000002 56000
1695867543710 -0.3135000000000002 60000
1695867616275 -0.3135000000000002 64000
1695867688666 -0.3135000000000002 68000
1695867761146 -0.3135000000000002 72000
1695867833646 -0.3135000000000002 76000
1695867905967 -0.3135000000000002 80000
1695867978645 -0.3135000000000002 84000
1695868050945 -0.3135000000000002 88000
1695868123171 -0.3135000000000002 92000
1695868195387 -0.3135000000000002 96000
1695868267486 -0.3135000000000002 100000
1695868339843 -0.3135000000000002 104000
1695868412078 -0.3135000000000002 108000
1695868484256 -0.3135000000000002 112000
1695868556563 -0.3135000000000002 116000
1695868628835 -0.3135000000000002 120000
1695868701557 -0.22950000000000018 124000
1695868773896 -0.09840979572788508 128000
1695868846273 -0.09840979572788508 132000
1695868918303 -0.09840979572788508 136000
1695868990628 -0.09840979572788508 140000
1695869062729 -0.09840979572788508 144000
1695869134959 -0.09840979572788508 148000
1695869207385 -0.09840979572788508 152000
1695869279479 -0.09840979572788508 156000
1695869351720 -0.09840979572788508 160000
1695869424139 -0.03600000000000001 164000
1695869496342 0.34399999999999986 168000
1695869568762 0.3814999999999999 172000
1695869641042 0.3964999999999999 176000
1695869713270 0.4009999999999999 180000
1695869785756 0.3859999999999999 184000
1695869858454 0.3859999999999999 188000
1695869931134 0.3859999999999999 192000
1695870003472 0.3859999999999999 196000
1695870075997 0.3859999999999999 200000
1695870148232 0.3859999999999999 204000
1695870220358 0.3859999999999999 208000
1695870291157 0.3859999999999999 212000
1695870362911 0.3859999999999999 216000
1695870434831 0.3859999999999999 220000
1695870507354 0.46549999999999997 224000
1695870580462 0.46549999999999997 228000
1695870652938 0.46549999999999997 232000
1695870725312 0.46549999999999997 236000
1695870797460 0.46549999999999997 240000
1695870869769 0.46549999999999997 244000
1695870942214 0.46549999999999997 248000
1695871014776 0.46549999999999997 252000
1695871087053 0.4715 256000
1695871159235 0.4715 260000
1695871231657 0.4715 264000
1695871304306 0.4715 268000
