1695866617852 1.866862500000001 12000
1695866696088 -0.18100000000000013 16000
1695866774272 -0.18100000000000013 20000
1695866852757 -0.18100000000000013 24000
1695866931572 -0.18100000000000013 28000
1695867010435 -0.18100000000000013 32000
1695867088956 -0.18100000000000013 36000
1695867167855 -0.18100000000000013 40000
1695867246523 -0.18100000000000013 44000
1695867324858 -0.18100000000000013 48000
1695867398763 -0.18100000000000013 52000
1695867471243 -0.18100000000000013 56000
1695867543710 -0.18100000000000013 60000
1695867616274 -0.19200000000000014 64000
1695867688665 -0.19200000000000014 68000
1695867761146 -0.19200000000000014 72000
1695867833645 -0.19200000000000014 76000
1695867905967 -0.35600000000000026 80000
1695867978644 -0.35600000000000026 84000
1695868050944 -0.35600000000000026 88000
1695868123170 -0.35600000000000026 92000
1695868195387 -0.35600000000000026 96000
1695868267486 -0.35600000000000026 100000
1695868339843 -0.35600000000000026 104000
1695868412077 -0.35600000000000026 108000
1695868484256 -0.35600000000000026 112000
1695868556563 -0.35600000000000026 116000
1695868628834 -0.35600000000000026 120000
1695868701556 -0.35600000000000026 124000
1695868773895 -0.35600000000000026 128000
1695868846272 -0.35600000000000026 132000
1695868918303 -0.35600000000000026 136000
1695868990628 -0.35600000000000026 140000
1695869062729 -0.35600000000000026 144000
1695869134959 -0.35600000000000026 148000
1695869207384 -0.35600000000000026 152000
1695869279478 -0.2891406250000004 156000
1695869351719 -0.2891406250000004 160000
1695869424138 0.3290589542721147 164000
1695869496342 0.3516932378162253 168000
1695869568761 0.3516932378162253 172000
1695869641042 0.3516932378162253 176000
1695869713270 0.3516932378162253 180000
1695869785755 0.3516932378162253 184000
1695869858454 0.3516932378162253 188000
1695869931134 0.3516932378162253 192000
1695870003471 0.3516932378162253 196000
1695870075997 0.3516932378162253 200000
1695870148232 0.36269323781622487 204000
1695870220357 0.5634999999999998 208000
1695870291156 0.13565624999999965 212000
1695870362911 0.13565624999999965 216000
1695870434830 0.13565624999999965 220000
1695870507353 0.13565624999999965 224000
1695870580461 0.13565624999999965 228000
1695870652937 0.13565624999999965 232000
1695870725312 0.13565624999999965 236000
1695870797459 0.13565624999999965 240000
1695870869769 -0.1370000000000001 244000
1695870942214 -0.1370000000000001 248000
1695871014775 -0.1370000000000001 252000
1695871087053 -0.1370000000000001 256000
1695871159234 -0.1370000000000001 260000
1695871231656 -0.1370000000000001 264000
1695871304306 -0.1370000000000001 268000
