1695862722090 nan 4000
1695862798873 nan 8000
1695862875994 1.9052124085440607 12000
1695862953911 1.1755268745074996 16000
1695863032344 1.1755268745074996 20000
1695863111892 1.2389987528356108 24000
1695863190506 1.2547150098943523 28000
1695863268837 1.3529322981931546 32000
1695863347190 1.4073529280402828 36000
1695863425440 1.5013997257645046 40000
1695863503446 1.5346634405317165 44000
1695863582064 1.5515760635390103 48000
1695863661795 1.5446585731578295 52000
1695863740491 1.6193725165489883 56000
