1695862722088 nan 4000
1695862798872 nan 8000
1695862875993 1.9052124085440607 12000
1695862953910 2.222281250000001 16000
1695863032343 2.222281250000001 20000
1695863111891 2.222281250000001 24000
1695863190505 2.4278312500000006 28000
1695863268836 2.641068237816172 32000
1695863347189 2.641068237816172 36000
1695863425439 2.6884276128161706 40000
1695863503445 2.6884276128161706 44000
1695863582064 2.6884276128161706 48000
1695863661794 2.6884276128161706 52000
1695863740490 2.9068963628161706 56000
