1695862722089 nan 4000
1695862798872 nan 8000
1695862875993 1.9052124085440607 12000
1695862953910 0.03849999999999959 16000
1695863032343 0.03849999999999959 20000
1695863111892 0.03849999999999959 24000
1695863190506 0.03849999999999959 28000
1695863268837 0.03849999999999959 32000
1695863347189 0.03849999999999959 36000
1695863425440 0.03849999999999959 40000
1695863503446 0.03849999999999959 44000
1695863582064 0.03849999999999959 48000
1695863661795 0.03849999999999959 52000
1695863740491 0.03849999999999959 56000
