1695866460281 8.0 4000
1695866539220 8.0 8000
1695866617950 8.0 12000
1695866696172 8.0 16000
1695866774354 8.0 20000
1695866852842 8.0 24000
1695866931654 8.0 28000
1695867010524 8.0 32000
1695867089037 8.0 36000
1695867167936 8.0 40000
1695867246609 8.0 44000
1695867324944 8.0 48000
1695867398850 8.0 52000
1695867471328 8.0 56000
1695867543794 8.0 60000
1695867616360 8.0 64000
1695867688749 8.0 68000
1695867761229 8.0 72000
1695867833731 8.0 76000
1695867906050 8.0 80000
1695867978730 8.0 84000
1695868051029 8.0 88000
1695868123266 8.0 92000
1695868195473 8.0 96000
1695868267576 8.0 100000
1695868339928 8.0 104000
1695868412163 8.0 108000
1695868484340 8.0 112000
1695868556651 8.0 116000
1695868628921 8.0 120000
1695868701644 8.0 124000
1695868773984 8.0 128000
1695868846361 8.0 132000
1695868918395 8.0 136000
1695868990715 8.0 140000
1695869062811 8.0 144000
1695869135045 8.0 148000
1695869207474 8.0 152000
1695869279563 8.0 156000
1695869351806 8.0 160000
1695869424223 8.0 164000
1695869496426 8.0 168000
1695869568850 8.0 172000
1695869641131 8.0 176000
1695869713359 8.0 180000
1695869785843 8.0 184000
1695869858540 8.0 188000
1695869931220 8.0 192000
1695870003559 8.0 196000
1695870076083 8.0 200000
1695870148316 8.0 204000
1695870220442 8.0 208000
1695870291243 8.0 212000
1695870362991 8.0 216000
1695870434914 8.0 220000
1695870507440 8.0 224000
1695870580549 8.0 228000
1695870653034 8.0 232000
1695870725399 8.0 236000
1695870797546 8.0 240000
1695870869856 8.0 244000
1695870942298 8.0 248000
1695871014861 8.0 252000
1695871087137 8.0 256000
1695871159323 8.0 260000
1695871231743 8.0 264000
1695871304392 8.0 268000
