1695863976041 0.9 4000
1695864053929 0.9 8000
1695864132003 0.9 12000
1695864210380 0.9 16000
1695864289251 0.9 20000
1695864368002 0.9 24000
1695864446661 0.9 28000
1695864524990 0.9 32000
1695864603065 0.9 36000
1695864681358 0.9 40000
1695864759839 0.9 44000
1695864838402 0.9 48000
1695864917219 0.9 52000
1695864995677 0.9 56000
1695865073901 0.9 60000
1695865152271 0.9 64000
1695865230474 0.9 68000
1695865308743 0.9 72000
1695865386848 0.9 76000
1695865465469 0.9 80000
1695865543641 0.9 84000
1695865622189 0.9 88000
1695865700561 0.9 92000
1695865778999 0.9 96000
1695865857349 0.9 100000
1695865935696 0.9 104000
1695866014001 0.9 108000
1695866092426 0.9 112000
1695866170790 0.9 116000
1695866249468 0.9 120000
