1695862722183 0.20000000000000004 4000
1695862798944 0.20000000000000004 8000
1695862876104 0.29999999999999993 12000
1695862954006 0.29999999999999993 16000
1695863032451 0.29999999999999993 20000
1695863111987 0.29999999999999993 24000
1695863190599 0.29999999999999993 28000
1695863268931 0.29999999999999993 32000
1695863347285 0.29999999999999993 36000
1695863425539 0.29999999999999993 40000
1695863503541 0.29999999999999993 44000
1695863582162 0.29999999999999993 48000
1695863661889 0.29999999999999993 52000
1695863740589 0.29999999999999993 56000
