1695862722183 5.0000000000000016e-05 4000
1695862798945 5.0000000000000016e-05 8000
1695862876104 5.0000000000000016e-05 12000
1695862954007 5.0000000000000016e-05 16000
1695863032451 5.0000000000000016e-05 20000
1695863111987 5.0000000000000016e-05 24000
1695863190599 5.0000000000000016e-05 28000
1695863268932 5.0000000000000016e-05 32000
1695863347285 5.0000000000000016e-05 36000
1695863425540 5.0000000000000016e-05 40000
1695863503541 5.0000000000000016e-05 44000
1695863582162 5.0000000000000016e-05 48000
1695863661890 5.0000000000000016e-05 52000
1695863740590 5.0000000000000016e-05 56000
