1695862722186 1.930566845089197 4000
1695862798948 1.8795624536772568 8000
1695862876107 1.814483451594909 12000
1695862954010 1.7638933522005875 16000
1695863032454 1.7521985604117314 20000
1695863111990 1.7143978218237559 24000
1695863190602 1.7065099065502485 28000
1695863268934 1.6954326111823321 32000
1695863347288 1.6409267706175645 36000
1695863425542 1.6315781238178413 40000
1695863503544 1.602459188302358 44000
1695863582165 1.5911083894471327 48000
1695863661892 1.5919954862445593 52000
1695863740592 1.5371713773657878 56000
