1695862722187 0.0010000000000000005 4000
1695862798948 0.0010000000000000005 8000
1695862876107 0.0010000000000000005 12000
1695862954010 0.0010000000000000005 16000
1695863032454 0.0010000000000000005 20000
1695863111991 0.0010000000000000005 24000
1695863190602 0.0010000000000000005 28000
1695863268934 0.0010000000000000005 32000
1695863347288 0.0010000000000000005 36000
1695863425543 0.0010000000000000005 40000
1695863503544 0.0010000000000000005 44000
1695863582165 0.0010000000000000005 48000
1695863661893 0.0010000000000000005 52000
1695863740593 0.0010000000000000005 56000
