1695862722182 0.6239009437461694 4000
1695862798944 0.8528297848378619 8000
1695862876104 1.116319447538505 12000
1695862954006 1.2824350989113251 16000
1695863032450 1.2884738011906545 20000
1695863111987 1.3847513811041912 24000
1695863190598 1.3995479988555113 28000
1695863268931 1.4995050985676548 32000
1695863347285 1.4441396027803421 36000
1695863425539 1.3518086545790235 40000
1695863503540 1.5815918744852147 44000
1695863582161 1.4561782782276471 48000
1695863661889 1.5188717506205043 52000
1695863740588 1.13868217645213 56000
