1695862722186 0.015608992712482981 4000
1695862798947 0.024292921703861485 8000
1695862876107 0.017093215462513026 12000
1695862954009 0.012371942210721916 16000
1695863032453 0.009096479220890656 20000
1695863111990 0.013872049272746956 24000
1695863190601 0.008295841854390392 28000
1695863268933 0.008417052391058633 32000
1695863347287 0.010705128927758286 36000
1695863425542 0.01043382983432949 40000
1695863503544 0.009469668894391254 44000
1695863582164 0.0113669114991092 48000
1695863661892 0.016686553339886792 52000
1695863740592 0.006768629968452918 56000
