1695862722184 -0.039245971871181 4000
1695862798946 -0.06143590428643317 8000
1695862876105 -0.03391998983424856 12000
1695862954008 -0.022486754944353985 16000
1695863032452 -0.02243119211101051 20000
1695863111988 -0.036225693758994267 24000
1695863190600 -0.01672985600841154 28000
1695863268932 -0.016672289032430853 32000
1695863347286 -0.019481247451039962 36000
1695863425541 -0.01596949555799559 40000
1695863503542 -0.01876976174050166 44000
1695863582163 -0.017427122954298588 48000
1695863661891 -0.027349925928865558 52000
1695863740590 -0.018307681365695317 56000
