1695862722184 -0.025568661139550385 4000
1695862798945 -0.05425321918216165 8000
1695862876105 -0.02882330908517664 12000
1695862954007 -0.019693219669413033 16000
1695863032451 -0.0208814603867116 20000
1695863111988 -0.03346684460799831 24000
1695863190600 -0.01561100226038737 28000
1695863268932 -0.015619009686270146 32000
1695863347286 -0.017681259504812866 36000
1695863425540 -0.014138168015779228 40000
1695863503542 -0.01739576240433962 44000
1695863582163 -0.015506170347847122 48000
1695863661890 -0.023820680235621693 52000
1695863740590 -0.017540474729442698 56000
