1695862722185 0.5143516413867474 4000
1695862798947 0.6507331559434533 8000
1695862876106 0.7476828997333844 12000
1695862954009 0.8315680235003432 16000
1695863032453 0.8910642811407645 20000
1695863111989 0.9127160395806034 24000
1695863190601 0.8927464991187056 28000
1695863268933 0.9135041226943333 32000
1695863347287 0.9110975876450539 36000
1695863425541 0.8798558433850606 40000
1695863503543 0.905221060787638 44000
1695863582164 0.9186094149326285 48000
1695863661891 0.9026620191832383 52000
1695863740591 0.8561482472966114 56000
