1695862722185 0.024972158823705588 4000
1695862798946 0.00840732684446266 8000
1695862876106 0.0035663975942952673 12000
1695862954008 0.0016916924178076442 16000
1695863032452 0.0011459716797617148 20000
1695863111989 0.0006232636763494763 24000
1695863190601 0.0006732213613304339 28000
1695863268933 0.00044719284510392755 32000
1695863347287 0.0004587529677185861 36000
1695863425541 0.0006655136999900909 40000
1695863503543 0.0002711152867959754 44000
1695863582163 0.00020397562707709463 48000
1695863661891 0.00023054970635409214 52000
1695863740591 0.0005475790021212864 56000
