1695864210261 0.0 16000
1695864289145 0.0 20000
1695864367893 0.0 24000
1695864446557 0.0 28000
1695864524883 0.0 32000
1695864602960 0.0 36000
1695864681250 0.0 40000
1695864759734 0.0 44000
1695864838292 0.0 48000
1695864917104 0.0 52000
1695864995570 0.0 56000
1695865073797 0.0 60000
1695865152168 0.0 64000
1695865230367 0.0 68000
1695865308634 0.0 72000
1695865386740 0.0 76000
1695865465363 0.0 80000
1695865543536 0.0 84000
1695865622086 0.0 88000
1695865700452 0.0 92000
1695865778892 0.0 96000
1695865857229 0.0 100000
1695865935587 0.0 104000
1695866013894 0.0 108000
1695866092316 0.0 112000
1695866170686 0.0 116000
1695866249363 0.0 120000
