1695864210260 0.0 16000
1695864289145 0.0 20000
1695864367893 0.0 24000
1695864446557 0.0 28000
1695864524882 0.0 32000
1695864602959 0.0 36000
1695864681249 0.0 40000
1695864759733 0.0 44000
1695864838291 0.0 48000
1695864917103 0.0 52000
1695864995569 0.0 56000
1695865073796 0.0 60000
1695865152167 0.0 64000
1695865230366 0.0 68000
1695865308633 0.0 72000
1695865386739 0.0 76000
1695865465363 0.0 80000
1695865543535 0.0 84000
1695865622085 0.0 88000
1695865700451 0.0 92000
1695865778891 0.0 96000
1695865857228 0.0 100000
1695865935586 0.0 104000
1695866013893 0.0 108000
1695866092315 0.0 112000
1695866170685 0.0 116000
1695866249362 0.0 120000
