1695864210265 0.0 16000
1695864289149 0.0 20000
1695864367897 0.0 24000
1695864446561 0.0 28000
1695864524887 0.0 32000
1695864602964 0.0 36000
1695864681254 0.0 40000
1695864759738 0.0 44000
1695864838295 0.0 48000
1695864917107 0.0 52000
1695864995573 0.0 56000
1695865073800 0.0 60000
1695865152171 0.0 64000
1695865230371 0.0 68000
1695865308637 0.0 72000
1695865386744 0.0 76000
1695865465367 0.0 80000
1695865543540 0.0 84000
1695865622089 0.0 88000
1695865700456 0.0 92000
1695865778896 0.0 96000
1695865857232 0.0 100000
1695865935591 0.0 104000
1695866013898 0.0 108000
1695866092320 0.0 112000
1695866170691 0.0 116000
1695866249367 0.0 120000
