1695864210263 0.0 16000
1695864289147 0.0 20000
1695864367895 0.0 24000
1695864446559 0.0 28000
1695864524884 0.0 32000
1695864602961 0.0 36000
1695864681251 0.0 40000
1695864759736 0.0 44000
1695864838293 0.0 48000
1695864917105 0.0 52000
1695864995571 0.0 56000
1695865073798 0.0 60000
1695865152169 0.0 64000
1695865230368 0.0 68000
1695865308635 0.0 72000
1695865386741 0.0 76000
1695865465365 0.0 80000
1695865543538 0.0 84000
1695865622087 0.0 88000
1695865700454 0.0 92000
1695865778894 0.0 96000
1695865857230 0.0 100000
1695865935589 0.0 104000
1695866013895 0.0 108000
1695866092318 0.0 112000
1695866170688 0.0 116000
1695866249365 0.0 120000
