1695864210265 0.0 16000
1695864289149 0.0 20000
1695864367897 0.0 24000
1695864446561 0.0 28000
1695864524886 0.0 32000
1695864602963 0.0 36000
1695864681253 0.0 40000
1695864759737 0.0 44000
1695864838295 0.0 48000
1695864917107 0.0 52000
1695864995573 0.0 56000
1695865073800 0.0 60000
1695865152171 0.0 64000
1695865230370 0.0 68000
1695865308637 0.0 72000
1695865386743 0.0 76000
1695865465367 0.0 80000
1695865543539 0.0 84000
1695865622089 0.0 88000
1695865700456 0.0 92000
1695865778896 0.0 96000
1695865857232 0.0 100000
1695865935590 0.0 104000
1695866013897 0.0 108000
1695866092319 0.0 112000
1695866170690 0.0 116000
1695866249366 0.0 120000
