1695864210266 0.0 16000
1695864289150 0.0 20000
1695864367897 0.0 24000
1695864446562 0.0 28000
1695864524887 0.0 32000
1695864602964 0.0 36000
1695864681254 0.0 40000
1695864759738 0.0 44000
1695864838296 0.0 48000
1695864917108 0.0 52000
1695864995574 0.0 56000
1695865073801 0.0 60000
1695865152172 0.0 64000
1695865230371 0.0 68000
1695865308638 0.0 72000
1695865386744 0.0 76000
1695865465368 0.0 80000
1695865543540 0.0 84000
1695865622090 0.0 88000
1695865700457 0.0 92000
1695865778897 0.0 96000
1695865857233 0.0 100000
1695865935591 0.0 104000
1695866013898 0.0 108000
1695866092320 0.0 112000
1695866170691 0.0 116000
1695866249367 0.0 120000
