1695864210262 0.0 16000
1695864289146 0.0 20000
1695864367894 0.0 24000
1695864446558 0.0 28000
1695864524883 0.0 32000
1695864602960 0.0 36000
1695864681250 0.0 40000
1695864759735 0.0 44000
1695864838293 0.0 48000
1695864917104 0.0 52000
1695864995570 0.0 56000
1695865073797 0.0 60000
1695865152168 0.0 64000
1695865230367 0.0 68000
1695865308634 0.0 72000
1695865386740 0.0 76000
1695865465364 0.0 80000
1695865543537 0.0 84000
1695865622086 0.0 88000
1695865700453 0.0 92000
1695865778893 0.0 96000
1695865857229 0.0 100000
1695865935588 0.0 104000
1695866013894 0.0 108000
1695866092317 0.0 112000
1695866170687 0.0 116000
1695866249364 0.0 120000
