1695864210264 0.0 16000
1695864289148 0.0 20000
1695864367896 0.0 24000
1695864446560 0.0 28000
1695864524886 0.0 32000
1695864602963 0.0 36000
1695864681253 0.0 40000
1695864759737 0.0 44000
1695864838295 0.0 48000
1695864917106 0.0 52000
1695864995572 0.0 56000
1695865073799 0.0 60000
1695865152171 0.0 64000
1695865230370 0.0 68000
1695865308637 0.0 72000
1695865386743 0.0 76000
1695865465366 0.0 80000
1695865543539 0.0 84000
1695865622088 0.0 88000
1695865700455 0.0 92000
1695865778895 0.0 96000
1695865857231 0.0 100000
1695865935590 0.0 104000
1695866013897 0.0 108000
1695866092319 0.0 112000
1695866170690 0.0 116000
1695866249366 0.0 120000
