1695866460184 0.0 4000
1695866539154 0.0 8000
1695866617821 0.0 12000
1695866696063 0.0 16000
1695866774247 0.0 20000
1695866852732 0.0 24000
1695866931547 0.0 28000
1695867010408 0.0 32000
1695867088931 0.0 36000
1695867167830 0.0 40000
1695867246498 0.0 44000
1695867324834 0.0 48000
1695867398738 0.0 52000
1695867471217 0.0 56000
1695867543684 0.0 60000
1695867616249 0.0 64000
1695867688641 0.0 68000
1695867761122 0.0 72000
1695867833620 0.0 76000
1695867905941 0.0 80000
1695867978620 0.0 84000
1695868050919 0.0 88000
1695868123144 0.0 92000
1695868195362 0.0 96000
1695868267460 0.0 100000
1695868339817 0.0 104000
1695868412051 0.0 108000
1695868484230 0.0 112000
1695868556537 0.0 116000
1695868628809 0.0 120000
1695868701531 0.0 124000
1695868773870 0.0 128000
1695868846247 0.0 132000
1695868918278 0.0 136000
1695868990602 0.0 140000
1695869062704 0.0 144000
1695869134934 0.0 148000
1695869207359 0.0 152000
1695869279453 0.0 156000
1695869351694 0.0 160000
1695869424113 0.0 164000
1695869496317 0.0 168000
1695869568731 0.0 172000
1695869641016 0.0 176000
1695869713246 0.0 180000
1695869785731 0.0 184000
1695869858430 0.0 188000
1695869931110 0.0 192000
1695870003447 0.0 196000
1695870075974 0.0 200000
1695870148205 0.0 204000
1695870220332 0.0 208000
1695870291131 0.0 212000
1695870362884 0.0 216000
1695870434805 0.0 220000
1695870507330 0.0 224000
1695870580437 0.0 228000
1695870652912 0.0 232000
1695870725286 0.0 236000
1695870797434 0.0 240000
1695870869744 0.0 244000
1695870942188 0.0 248000
1695871014750 0.0 252000
1695871087027 0.0 256000
1695871159208 0.0 260000
1695871231631 0.0 264000
1695871304282 0.0 268000
