1695866460168 nan 4000
1695866539143 nan 8000
1695866617806 1.6718625000000007 12000
1695866696053 0.10149999999999965 16000
1695866774237 0.10149999999999965 20000
1695866852722 0.10149999999999965 24000
1695866931537 0.10149999999999965 28000
1695867010396 0.10149999999999965 32000
1695867088920 0.10149999999999965 36000
1695867167819 0.10149999999999965 40000
1695867246488 0.10149999999999965 44000
1695867324821 0.10149999999999965 48000
1695867398728 0.10149999999999965 52000
1695867471206 0.10149999999999965 56000
1695867543673 0.10149999999999965 60000
1695867616238 0.10149999999999965 64000
1695867688630 0.10149999999999965 68000
1695867761111 0.10149999999999965 72000
1695867833609 0.10149999999999965 76000
1695867905930 0.10149999999999965 80000
1695867978608 0.10149999999999965 84000
1695868050908 0.10149999999999965 88000
1695868123134 0.10149999999999965 92000
1695868195349 0.10149999999999965 96000
1695868267448 0.10149999999999965 100000
1695868339807 0.10149999999999965 104000
1695868412040 0.5348593749999995 108000
1695868484220 0.5348593749999995 112000
1695868556525 0.5348593749999995 116000
1695868628798 0.5348593749999995 120000
1695868701520 0.5348593749999995 124000
1695868773859 0.5348593749999995 128000
1695868846235 0.5348593749999995 132000
1695868918267 0.5348593749999995 136000
1695868990591 0.5348593749999995 140000
1695869062693 0.5348593749999995 144000
1695869134924 0.5348593749999995 148000
1695869207349 0.5348593749999995 152000
1695869279442 0.5348593749999995 156000
1695869351681 0.5348593749999995 160000
1695869424102 0.8336932378162785 164000
1695869496307 0.7636932378162693 168000
1695869568721 0.7636932378162693 172000
1695869641005 0.7636932378162693 176000
1695869713235 0.7636932378162693 180000
1695869785720 0.7636932378162693 184000
1695869858419 0.7636932378162693 188000
1695869931099 0.7636932378162693 192000
1695870003437 0.7636932378162693 196000
1695870075963 0.7636932378162693 200000
1695870148191 0.7636932378162693 204000
1695870220322 1.2095057378162717 208000
1695870291120 1.0781562499999997 212000
1695870362873 1.0781562499999997 216000
1695870434794 1.0781562499999997 220000
1695870507318 0.7836932378162789 224000
1695870580427 0.7836932378162789 228000
1695870652901 0.7836932378162789 232000
1695870725275 0.7836932378162789 236000
1695870797423 0.7836932378162789 240000
1695870869733 0.7836932378162789 244000
1695870942177 0.7836932378162789 248000
1695871014739 0.7836932378162789 252000
1695871087016 0.7836932378162789 256000
1695871159195 0.43905000000007455 260000
1695871231620 0.43905000000007455 264000
1695871304271 0.43905000000007455 268000
