1695866460167 nan 4000
1695866539141 nan 8000
1695866617805 1.6718625000000007 12000
1695866696052 1.6718625000000007 16000
1695866774236 2.304378125000001 20000
1695866852721 2.304378125000001 24000
1695866931536 2.304378125000001 28000
1695867010395 2.304378125000001 32000
1695867088919 2.304378125000001 36000
1695867167818 2.305658605000008 40000
1695867246487 2.473130737816173 44000
1695867324820 2.473130737816173 48000
1695867398727 2.473130737816173 52000
1695867471205 2.473130737816173 56000
1695867543672 2.474552612816173 60000
1695867616237 2.521286987816174 64000
1695867688629 2.521286987816174 68000
1695867761110 2.911427612816169 72000
1695867833608 2.911427612816169 76000
1695867905929 2.911427612816169 80000
1695867978607 2.911427612816169 84000
1695868050907 2.911427612816169 88000
1695868123133 2.911427612816169 92000
1695868195348 2.911427612816169 96000
1695868267447 2.911427612816169 100000
1695868339806 2.911427612816169 104000
1695868412039 2.911427612816169 108000
1695868484219 2.911427612816169 112000
1695868556524 2.911427612816169 116000
1695868628797 2.911427612816169 120000
1695868701519 2.911427612816169 124000
1695868773858 2.911427612816169 128000
1695868846234 2.911427612816169 132000
1695868918266 2.911427612816169 136000
1695868990590 2.911427612816169 140000
1695869062692 2.911427612816169 144000
1695869134923 2.911427612816169 148000
1695869207348 2.9097557378161714 152000
1695869279441 2.9097557378161714 156000
1695869351680 2.91202136281617 160000
1695869424101 2.91202136281617 164000
1695869496306 2.91202136281617 168000
1695869568720 2.946978033544055 172000
1695869641004 2.946978033544055 176000
1695869713234 2.946978033544055 180000
1695869785719 2.946978033544055 184000
1695869858418 2.946978033544055 188000
1695869931098 2.946978033544055 192000
1695870003436 2.9501619878161707 196000
1695870075962 2.9501619878161707 200000
1695870148189 2.9501619878161707 204000
1695870220321 2.9501619878161707 208000
1695870291119 2.95136511281617 212000
1695870362872 2.95136511281617 216000
1695870434793 2.95136511281617 220000
1695870507317 2.95136511281617 224000
1695870580426 2.95136511281617 228000
1695870652900 2.95136511281617 232000
1695870725274 2.958505737815204 236000
1695870797422 2.97605261281617 240000
1695870869732 2.97605261281617 244000
1695870942177 2.97605261281617 248000
1695871014738 2.97605261281617 252000
1695871087015 2.97605261281617 256000
1695871159194 2.97605261281617 260000
1695871231619 2.97605261281617 264000
1695871304270 2.97605261281617 268000
