1695866460169 nan 4000
1695866539143 nan 8000
1695866617807 1.6718625000000007 12000
1695866696054 1.0589172252772987 16000
1695866774237 1.172140943433908 20000
1695866852722 1.2129387494011996 24000
1695866931537 1.2733826342274668 28000
1695867010397 1.2501212867976974 32000
1695867088921 1.2988658280381526 36000
1695867167820 1.365887568310668 40000
1695867246488 1.4087211939021067 44000
1695867324822 1.4153315284552754 48000
1695867398728 1.4595791388586963 52000
1695867471207 1.48077964916212 56000
1695867543673 1.5322193868724354 60000
1695867616238 1.5373201396239782 64000
1695867688631 1.5597744470992927 68000
1695867761111 1.5987777304037478 72000
1695867833610 1.61907300509518 76000
1695867905931 1.6321284919288792 80000
1695867978609 1.6321284919288792 84000
1695868050909 1.6368776055000231 88000
1695868123134 1.656575413337672 92000
1695868195349 1.686027271562238 96000
1695868267449 1.693764543685979 100000
1695868339807 1.6928758022750943 104000
1695868412041 1.7560458276881739 108000
1695868484220 1.7815723293517758 112000
1695868556526 1.8623982835882193 116000
1695868628799 1.912686239700117 120000
1695868701521 1.9531417305542111 124000
1695868773860 1.9739546090469324 128000
1695868846236 1.9957525423396532 132000
1695868918268 2.028300750845977 136000
1695868990592 2.045341624931429 140000
1695869062694 2.1024930227663456 144000
1695869134924 2.120501804016346 148000
1695869207349 2.131441231272671 152000
1695869279443 2.146214764186274 156000
1695869351682 2.175870701686274 160000
1695869424102 2.1862395359421662 164000
1695869496307 2.219468870163562 168000
1695869568721 2.2885366538079874 172000
1695869641006 2.3320415825289507 176000
1695869713236 2.3747436356998133 180000
1695869785721 2.431811450594239 184000
1695869858420 2.4370110741143716 188000
1695869931100 2.4663797667362095 192000
1695870003438 2.545991002816598 196000
1695870075964 2.5504213507738664 200000
1695870148192 2.5835709394641144 204000
1695870220323 2.586653543657257 208000
1695870291121 2.5783610794632734 212000
1695870362874 2.55240578927923 216000
1695870434794 2.5367119533784797 220000
1695870507319 2.508466552250319 224000
1695870580427 2.540704785056209 228000
1695870652902 2.482608237921726 232000
1695870725276 2.461283364934037 236000
1695870797424 2.485818736641327 240000
1695870869734 2.4679819027242083 244000
1695870942178 2.438673698425165 248000
1695871014739 2.4444037996914196 252000
1695871087017 2.4579956355576837 256000
1695871159196 2.440683694564973 260000
1695871231621 2.467076908193134 264000
1695871304272 2.449110501943135 268000
