1695866460171 0.0 4000
1695866539145 0.0 8000
1695866617808 1.0 12000
1695866696055 9.0 16000
1695866774239 1.0 20000
1695866852723 2.0 24000
1695866931538 7.0 28000
1695867010398 2.0 32000
1695867088922 4.0 36000
1695867167821 6.0 40000
1695867246489 3.0 44000
1695867324824 1.0 48000
1695867398729 9.0 52000
1695867471208 1.0 56000
1695867543675 5.0 60000
1695867616240 5.0 64000
1695867688632 2.0 68000
1695867761113 6.0 72000
1695867833611 4.0 76000
1695867905932 6.0 80000
1695867978611 0.0 84000
1695868050910 4.0 88000
1695868123135 10.0 92000
1695868195351 3.0 96000
1695868267451 2.0 100000
1695868339808 7.0 104000
1695868412042 5.0 108000
1695868484221 3.0 112000
1695868556528 8.0 116000
1695868628800 5.0 120000
1695868701522 6.0 124000
1695868773861 6.0 128000
1695868846237 4.0 132000
1695868918269 6.0 136000
1695868990593 7.0 140000
1695869062695 8.0 144000
1695869134926 5.0 148000
1695869207351 5.0 152000
1695869279444 7.0 156000
1695869351684 6.0 160000
1695869424104 5.0 164000
1695869496309 10.0 168000
1695869568723 11.0 172000
1695869641007 14.0 176000
1695869713237 7.0 180000
1695869785722 13.0 184000
1695869858421 9.0 188000
1695869931101 11.0 192000
1695870003439 14.0 196000
1695870075965 5.0 200000
1695870148194 10.0 204000
1695870220324 13.0 208000
1695870291122 10.0 212000
1695870362875 13.0 216000
1695870434796 11.0 220000
1695870507320 10.0 224000
1695870580429 9.0 228000
1695870652903 9.0 232000
1695870725277 10.0 236000
1695870797425 10.0 240000
1695870869735 10.0 244000
1695870942179 11.0 248000
1695871014741 7.0 252000
1695871087018 10.0 256000
1695871159197 16.0 260000
1695871231622 7.0 264000
1695871304273 3.0 268000
