1695866460170 nan 4000
1695866539144 nan 8000
1695866617808 956.0 12000
1695866696054 1247.6 16000
1695866774238 1165.3636363636363 20000
1695866852723 1160.3846153846155 24000
1695866931538 1202.25 28000
1695867010398 1171.2727272727273 32000
1695867088922 1131.076923076923 36000
1695867167820 1136.25 40000
1695867246489 1104.2 44000
1695867324823 1109.0833333333333 48000
1695867398729 1095.1555555555556 52000
1695867471208 1083.804347826087 56000
1695867543674 1071.921568627451 60000
1695867616239 1072.1607142857142 64000
1695867688632 1052.8620689655172 68000
1695867761112 1033.203125 72000
1695867833610 1024.1764705882354 76000
1695867905931 1027.4594594594594 80000
1695867978610 1027.4594594594594 84000
1695868050910 1036.8333333333333 88000
1695868123135 1022.4772727272727 92000
1695868195350 1004.010989010989 96000
1695868267450 1000.5376344086021 100000
1695868339808 1013.62 104000
1695868412041 983.02 108000
1695868484221 962.26 112000
1695868556527 932.92 116000
1695868628800 896.62 120000
1695868701522 890.25 124000
1695868773861 864.55 128000
1695868846236 845.34 132000
1695868918268 828.43 136000
1695868990592 816.32 140000
1695869062694 785.25 144000
1695869134925 770.76 148000
1695869207350 763.22 152000
1695869279443 745.01 156000
1695869351683 719.43 160000
1695869424103 713.41 164000
1695869496308 685.43 168000
1695869568722 629.29 172000
1695869641006 589.01 176000
1695869713237 556.62 180000
1695869785722 510.55 184000
1695869858420 497.43 188000
1695869931101 463.95 192000
1695870003438 405.17 196000
1695870075964 402.53 200000
1695870148193 388.72 204000
1695870220323 385.03 208000
1695870291121 381.55 212000
1695870362874 378.67 216000
1695870434795 366.71 220000
1695870507320 370.86 224000
1695870580428 357.3 228000
1695870652903 382.98 232000
1695870725277 400.76 236000
1695870797425 372.92 240000
1695870869734 372.89 244000
1695870942179 381.67 248000
1695871014740 384.17 252000
1695871087017 391.93 256000
1695871159196 412.85 260000
1695871231622 407.16 264000
1695871304272 422.33 268000
