1695866460185 0.0 4000
1695866539154 0.0 8000
1695866617821 1.0 12000
1695866696064 10.0 16000
1695866774248 11.0 20000
1695866852732 13.0 24000
1695866931547 20.0 28000
1695867010408 22.0 32000
1695867088931 26.0 36000
1695867167830 32.0 40000
1695867246499 35.0 44000
1695867324834 36.0 48000
1695867398739 45.0 52000
1695867471218 46.0 56000
1695867543684 51.0 60000
1695867616249 56.0 64000
1695867688642 58.0 68000
1695867761122 64.0 72000
1695867833621 68.0 76000
1695867905941 74.0 80000
1695867978620 74.0 84000
1695868050919 78.0 88000
1695868123145 88.0 92000
1695868195362 91.0 96000
1695868267461 93.0 100000
1695868339818 100.0 104000
1695868412051 105.0 108000
1695868484231 108.0 112000
1695868556538 116.0 116000
1695868628810 121.0 120000
1695868701532 127.0 124000
1695868773871 133.0 128000
1695868846247 137.0 132000
1695868918278 143.0 136000
1695868990603 150.0 140000
1695869062704 158.0 144000
1695869134935 163.0 148000
1695869207360 168.0 152000
1695869279453 175.0 156000
1695869351695 181.0 160000
1695869424113 186.0 164000
1695869496318 196.0 168000
1695869568732 207.0 172000
1695869641017 221.0 176000
1695869713247 228.0 180000
1695869785732 241.0 184000
1695869858431 250.0 188000
1695869931111 261.0 192000
1695870003448 275.0 196000
1695870075974 280.0 200000
1695870148206 290.0 204000
1695870220333 303.0 208000
1695870291131 313.0 212000
1695870362885 326.0 216000
1695870434806 337.0 220000
1695870507330 347.0 224000
1695870580438 356.0 228000
1695870652913 365.0 232000
1695870725287 375.0 236000
1695870797435 385.0 240000
1695870869744 395.0 244000
1695870942189 406.0 248000
1695871014750 413.0 252000
1695871087028 423.0 256000
1695871159208 439.0 260000
1695871231632 446.0 264000
1695871304283 449.0 268000
