1695866460191 1.0 4000
1695866539158 2.0 8000
1695866617826 3.0 12000
1695866696068 4.0 16000
1695866774252 5.0 20000
1695866852737 6.0 24000
1695866931551 7.0 28000
1695867010412 8.0 32000
1695867088935 9.0 36000
1695867167835 10.0 40000
1695867246504 11.0 44000
1695867324838 12.0 48000
1695867398743 13.0 52000
1695867471222 14.0 56000
1695867543689 15.0 60000
1695867616254 16.0 64000
1695867688646 17.0 68000
1695867761126 18.0 72000
1695867833625 19.0 76000
1695867905946 20.0 80000
1695867978624 21.0 84000
1695868050924 22.0 88000
1695868123150 23.0 92000
1695868195366 24.0 96000
1695868267465 25.0 100000
1695868339822 26.0 104000
1695868412056 27.0 108000
1695868484236 28.0 112000
1695868556542 29.0 116000
1695868628814 30.0 120000
1695868701536 31.0 124000
1695868773875 32.0 128000
1695868846252 33.0 132000
1695868918283 34.0 136000
1695868990607 35.0 140000
1695869062709 36.0 144000
1695869134939 37.0 148000
1695869207364 38.0 152000
1695869279458 39.0 156000
1695869351699 40.0 160000
1695869424118 41.0 164000
1695869496322 42.0 168000
1695869568737 43.0 172000
1695869641021 44.0 176000
1695869713251 45.0 180000
1695869785736 46.0 184000
1695869858435 47.0 188000
1695869931115 48.0 192000
1695870003452 49.0 196000
1695870075978 50.0 200000
1695870148210 51.0 204000
1695870220337 52.0 208000
1695870291136 53.0 212000
1695870362889 54.0 216000
1695870434810 55.0 220000
1695870507334 56.0 224000
1695870580442 57.0 228000
1695870652917 58.0 232000
1695870725291 59.0 236000
1695870797439 60.0 240000
1695870869749 61.0 244000
1695870942193 62.0 248000
1695871014755 63.0 252000
1695871087032 64.0 256000
1695871159213 65.0 260000
1695871231636 66.0 264000
1695871304287 67.0 268000
