1695866460180 51.4462685523935 4000
1695866539151 50.809489810058906 8000
1695866617817 50.98044972479405 12000
1695866696061 51.308605354613576 16000
1695866774244 51.34460947270111 20000
1695866852729 51.14054599391086 24000
1695866931544 50.932687016775255 28000
1695867010405 50.89007574248861 32000
1695867088928 51.12078509228746 36000
1695867167827 50.87151359509976 40000
1695867246496 51.02841260228682 44000
1695867324831 51.2466530962886 48000
1695867398735 54.32685484728368 52000
1695867471214 55.40348294628316 56000
1695867543681 55.411726484369616 60000
1695867616246 55.343701203570305 64000
1695867688638 55.469482404216976 68000
1695867761119 55.404241322524385 72000
1695867833617 55.38578528668965 76000
1695867905938 55.524292493533984 80000
1695867978617 55.27601556790041 84000
1695868050916 55.53960264983094 88000
1695868123141 55.60183163736232 92000
1695868195359 55.62030841884466 96000
1695868267457 55.69816219578723 100000
1695868339815 55.50163574880728 104000
1695868412048 55.57926164055578 108000
1695868484227 55.637287440947574 112000
1695868556534 55.54031272358851 116000
1695868628806 55.56755431708184 120000
1695868701528 55.23153894188492 124000
1695868773867 55.51580490825268 128000
1695868846244 55.48729672945971 132000
1695868918275 55.755570963145 136000
1695868990599 55.527720710009994 140000
1695869062701 55.70593618314885 144000
1695869134931 55.59537201145834 148000
1695869207356 55.44925870514226 152000
1695869279450 55.71000601950537 156000
1695869351691 55.59783304792464 160000
1695869424110 55.4690046634328 164000
1695869496314 55.618311503043124 168000
1695869568729 55.45242949626048 172000
1695869641013 55.55360118064966 176000
1695869713243 55.604434963504545 180000
1695869785729 55.4163150163537 184000
1695869858427 55.23749727347181 188000
1695869931107 55.25831351315025 192000
1695870003445 55.51964049918758 196000
1695870075971 55.37548915554635 200000
1695870148202 55.62322347266495 204000
1695870220330 55.690233063330076 208000
1695870291128 56.72828301606964 212000
1695870362881 55.98046690244805 216000
1695870434802 55.84340205834459 220000
1695870507327 55.37581029194688 224000
1695870580435 54.933556448168424 228000
1695870652909 55.4086340924061 232000
1695870725284 55.506051138720416 236000
1695870797431 55.666059517270426 240000
1695870869741 55.54454155022201 244000
1695870942185 55.43475330933815 248000
1695871014747 55.34592839841274 252000
1695871087024 55.56646608370178 256000
1695871159204 55.65396575062486 260000
1695871231628 55.463121699018544 264000
1695871304279 55.28205672753028 268000
