1695866460174 0.0 4000
1695866539147 0.0 8000
1695866617812 0.0 12000
1695866696057 0.0 16000
1695866774241 0.0 20000
1695866852726 0.0 24000
1695866931541 0.0 28000
1695867010401 0.0 32000
1695867088924 0.0 36000
1695867167823 0.0 40000
1695867246492 0.0 44000
1695867324826 0.0 48000
1695867398731 0.0 52000
1695867471210 0.0 56000
1695867543677 0.0 60000
1695867616242 0.0 64000
1695867688634 0.0 68000
1695867761115 0.0 72000
1695867833613 0.0 76000
1695867905934 0.0 80000
1695867978613 0.0 84000
1695868050912 0.0 88000
1695868123138 0.0 92000
1695868195354 0.0 96000
1695868267453 0.0 100000
1695868339811 0.0 104000
1695868412044 0.0 108000
1695868484224 0.0 112000
1695868556530 0.0 116000
1695868628803 0.0 120000
1695868701525 0.0 124000
1695868773863 0.0 128000
1695868846239 0.0 132000
1695868918271 0.0 136000
1695868990595 0.0 140000
1695869062697 0.0 144000
1695869134928 0.0 148000
1695869207353 0.0 152000
1695869279446 0.0 156000
1695869351686 0.0 160000
1695869424106 0.0 164000
1695869496311 0.0 168000
1695869568725 0.0 172000
1695869641009 0.0 176000
1695869713240 0.0 180000
1695869785725 0.0 184000
1695869858423 0.0 188000
1695869931103 0.0 192000
1695870003441 0.0 196000
1695870075967 0.0 200000
1695870148197 0.0 204000
1695870220326 0.0 208000
1695870291124 0.0 212000
1695870362877 0.0 216000
1695870434798 0.0 220000
1695870507323 0.0 224000
1695870580431 0.0 228000
1695870652905 0.0 232000
1695870725280 0.0 236000
1695870797428 0.0 240000
1695870869737 0.0 244000
1695870942181 0.0 248000
1695871014743 0.0 252000
1695871087020 0.0 256000
1695871159200 0.0 260000
1695871231624 0.0 264000
1695871304275 0.0 268000
