1695866460173 10.0 4000
1695866539146 10.0 8000
1695866617810 10.0 12000
1695866696056 10.0 16000
1695866774240 10.0 20000
1695866852725 10.0 24000
1695866931540 10.0 28000
1695867010399 10.0 32000
1695867088923 10.0 36000
1695867167822 10.0 40000
1695867246491 10.0 44000
1695867324825 10.0 48000
1695867398730 10.0 52000
1695867471209 10.0 56000
1695867543676 10.0 60000
1695867616241 10.0 64000
1695867688633 10.0 68000
1695867761114 10.0 72000
1695867833612 10.0 76000
1695867905933 10.0 80000
1695867978612 10.0 84000
1695868050911 10.0 88000
1695868123137 10.0 92000
1695868195352 10.0 96000
1695868267452 10.0 100000
1695868339810 10.0 104000
1695868412043 10.0 108000
1695868484223 10.0 112000
1695868556529 10.0 116000
1695868628801 10.0 120000
1695868701523 10.0 124000
1695868773862 10.0 128000
1695868846238 10.0 132000
1695868918270 10.0 136000
1695868990594 10.0 140000
1695869062696 10.0 144000
1695869134927 10.0 148000
1695869207352 10.0 152000
1695869279445 10.0 156000
1695869351685 10.0 160000
1695869424105 10.0 164000
1695869496310 10.0 168000
1695869568724 10.0 172000
1695869641008 10.0 176000
1695869713238 10.0 180000
1695869785724 10.0 184000
1695869858422 10.0 188000
1695869931102 10.0 192000
1695870003440 10.0 196000
1695870075966 10.0 200000
1695870148195 10.0 204000
1695870220325 10.0 208000
1695870291123 10.0 212000
1695870362876 10.0 216000
1695870434797 10.0 220000
1695870507322 10.0 224000
1695870580430 10.0 228000
1695870652904 10.0 232000
1695870725279 10.0 236000
1695870797426 10.0 240000
1695870869736 10.0 244000
1695870942180 10.0 248000
1695871014742 10.0 252000
1695871087019 10.0 256000
1695871159198 10.0 260000
1695871231623 10.0 264000
1695871304274 10.0 268000
