1695866460183 4000.0 4000
1695866539153 4000.0 8000
1695866617819 4000.0 12000
1695866696062 4000.0 16000
1695866774246 4000.0 20000
1695866852731 4000.0 24000
1695866931546 4000.0 28000
1695867010406 4000.0 32000
1695867088929 4000.0 36000
1695867167829 4000.0 40000
1695867246497 4000.0 44000
1695867324832 4000.0 48000
1695867398737 4000.0 52000
1695867471216 4000.0 56000
1695867543682 4000.0 60000
1695867616247 4000.0 64000
1695867688640 4000.0 68000
1695867761120 4000.0 72000
1695867833619 4000.0 76000
1695867905939 4000.0 80000
1695867978618 4000.0 84000
1695868050918 4000.0 88000
1695868123143 4000.0 92000
1695868195360 4000.0 96000
1695868267459 4000.0 100000
1695868339816 4000.0 104000
1695868412050 4000.0 108000
1695868484229 4000.0 112000
1695868556536 4000.0 116000
1695868628808 4000.0 120000
1695868701530 4000.0 124000
1695868773869 4000.0 128000
1695868846245 4000.0 132000
1695868918276 4000.0 136000
1695868990601 4000.0 140000
1695869062702 4000.0 144000
1695869134933 4000.0 148000
1695869207358 4000.0 152000
1695869279452 4000.0 156000
1695869351693 4000.0 160000
1695869424111 4000.0 164000
1695869496316 4000.0 168000
1695869568730 4000.0 172000
1695869641015 4000.0 176000
1695869713245 4000.0 180000
1695869785730 4000.0 184000
1695869858429 4000.0 188000
1695869931109 4000.0 192000
1695870003446 4000.0 196000
1695870075972 4000.0 200000
1695870148204 4000.0 204000
1695870220331 4000.0 208000
1695870291130 4000.0 212000
1695870362883 4000.0 216000
1695870434804 4000.0 220000
1695870507328 4000.0 224000
1695870580436 4000.0 228000
1695870652911 4000.0 232000
1695870725285 4000.0 236000
1695870797433 4000.0 240000
1695870869743 4000.0 244000
1695870942187 4000.0 248000
1695871014748 4000.0 252000
1695871087026 4000.0 256000
1695871159206 4000.0 260000
1695871231630 4000.0 264000
1695871304281 4000.0 268000
