1695866460179 4000.0 4000
1695866539150 4000.0 8000
1695866617815 4000.0 12000
1695866696060 4000.0 16000
1695866774243 4000.0 20000
1695866852728 4000.0 24000
1695866931543 4000.0 28000
1695867010404 4000.0 32000
1695867088927 4000.0 36000
1695867167826 4000.0 40000
1695867246495 4000.0 44000
1695867324829 4000.0 48000
1695867398734 4000.0 52000
1695867471213 4000.0 56000
1695867543680 4000.0 60000
1695867616245 4000.0 64000
1695867688637 4000.0 68000
1695867761118 4000.0 72000
1695867833616 4000.0 76000
1695867905937 4000.0 80000
1695867978616 4000.0 84000
1695868050915 4000.0 88000
1695868123140 4000.0 92000
1695868195357 4000.0 96000
1695868267456 4000.0 100000
1695868339813 4000.0 104000
1695868412047 4000.0 108000
1695868484226 4000.0 112000
1695868556533 4000.0 116000
1695868628805 4000.0 120000
1695868701527 4000.0 124000
1695868773866 4000.0 128000
1695868846242 4000.0 132000
1695868918274 4000.0 136000
1695868990598 4000.0 140000
1695869062700 4000.0 144000
1695869134930 4000.0 148000
1695869207355 4000.0 152000
1695869279449 4000.0 156000
1695869351690 4000.0 160000
1695869424109 4000.0 164000
1695869496313 4000.0 168000
1695869568728 4000.0 172000
1695869641012 4000.0 176000
1695869713242 4000.0 180000
1695869785727 4000.0 184000
1695869858426 4000.0 188000
1695869931106 4000.0 192000
1695870003444 4000.0 196000
1695870075970 4000.0 200000
1695870148200 4000.0 204000
1695870220329 4000.0 208000
1695870291127 4000.0 212000
1695870362880 4000.0 216000
1695870434801 4000.0 220000
1695870507325 4000.0 224000
1695870580433 4000.0 228000
1695870652908 4000.0 232000
1695870725283 4000.0 236000
1695870797430 4000.0 240000
1695870869740 4000.0 244000
1695870942184 4000.0 248000
1695871014746 4000.0 252000
1695871087023 4000.0 256000
1695871159203 4000.0 260000
1695871231627 4000.0 264000
1695871304278 4000.0 268000
