1695866460172 0.0 4000
1695866539145 0.0 8000
1695866617809 0.0 12000
1695866696055 0.0 16000
1695866774239 0.0 20000
1695866852724 0.0 24000
1695866931539 0.0 28000
1695867010399 0.0 32000
1695867088923 0.0 36000
1695867167822 0.0 40000
1695867246490 0.0 44000
1695867324824 0.0 48000
1695867398730 0.0 52000
1695867471209 0.0 56000
1695867543675 0.0 60000
1695867616240 0.0 64000
1695867688633 0.0 68000
1695867761113 0.0 72000
1695867833612 0.0 76000
1695867905932 0.0 80000
1695867978611 0.0 84000
1695868050911 0.0 88000
1695868123136 0.0 92000
1695868195352 0.0 96000
1695868267451 0.0 100000
1695868339809 0.0 104000
1695868412043 0.0 108000
1695868484222 0.0 112000
1695868556528 0.0 116000
1695868628801 0.0 120000
1695868701523 0.0 124000
1695868773862 0.0 128000
1695868846238 0.0 132000
1695868918269 0.0 136000
1695868990594 0.0 140000
1695869062695 0.0 144000
1695869134926 0.0 148000
1695869207351 0.0 152000
1695869279445 0.0 156000
1695869351684 0.0 160000
1695869424104 0.0 164000
1695869496309 0.0 168000
1695869568723 0.0 172000
1695869641008 0.0 176000
1695869713238 0.0 180000
1695869785723 0.0 184000
1695869858421 0.0 188000
1695869931102 0.0 192000
1695870003439 0.0 196000
1695870075966 0.0 200000
1695870148194 0.0 204000
1695870220324 0.0 208000
1695870291122 0.0 212000
1695870362875 0.0 216000
1695870434796 0.0 220000
1695870507321 0.0 224000
1695870580429 0.0 228000
1695870652904 0.0 232000
1695870725278 0.0 236000
1695870797426 0.0 240000
1695870869736 0.0 244000
1695870942180 0.0 248000
1695871014741 0.0 252000
1695871087019 0.0 256000
1695871159198 0.0 260000
1695871231623 0.0 264000
1695871304274 0.0 268000
