1695866460177 4000.0 4000
1695866539149 8000.0 8000
1695866617814 12000.0 12000
1695866696058 16000.0 16000
1695866774242 20000.0 20000
1695866852727 24000.0 24000
1695866931542 28000.0 28000
1695867010403 32000.0 32000
1695867088926 36000.0 36000
1695867167825 40000.0 40000
1695867246493 44000.0 44000
1695867324828 48000.0 48000
1695867398733 52000.0 52000
1695867471212 56000.0 56000
1695867543679 60000.0 60000
1695867616244 64000.0 64000
1695867688636 68000.0 68000
1695867761117 72000.0 72000
1695867833615 76000.0 76000
1695867905936 80000.0 80000
1695867978615 84000.0 84000
1695868050914 88000.0 88000
1695868123139 92000.0 92000
1695868195356 96000.0 96000
1695868267455 100000.0 100000
1695868339812 104000.0 104000
1695868412046 108000.0 108000
1695868484225 112000.0 112000
1695868556532 116000.0 116000
1695868628804 120000.0 120000
1695868701526 124000.0 124000
1695868773865 128000.0 128000
1695868846241 132000.0 132000
1695868918273 136000.0 136000
1695868990597 140000.0 140000
1695869062699 144000.0 144000
1695869134929 148000.0 148000
1695869207354 152000.0 152000
1695869279448 156000.0 156000
1695869351688 160000.0 160000
1695869424107 164000.0 164000
1695869496312 168000.0 168000
1695869568726 172000.0 172000
1695869641011 176000.0 176000
1695869713241 180000.0 180000
1695869785726 184000.0 184000
1695869858425 188000.0 188000
1695869931105 192000.0 192000
1695870003442 196000.0 196000
1695870075969 200000.0 200000
1695870148199 204000.0 204000
1695870220327 208000.0 208000
1695870291126 212000.0 212000
1695870362879 216000.0 216000
1695870434800 220000.0 220000
1695870507324 224000.0 224000
1695870580432 228000.0 228000
1695870652907 232000.0 232000
1695870725281 236000.0 236000
1695870797429 240000.0 240000
1695870869739 244000.0 244000
1695870942183 248000.0 248000
1695871014745 252000.0 252000
1695871087022 256000.0 256000
1695871159202 260000.0 260000
1695871231626 264000.0 264000
1695871304277 268000.0 268000
