1695866460174 0.0 4000
1695866539147 0.0 8000
1695866617811 0.0 12000
1695866696056 0.0 16000
1695866774240 0.0 20000
1695866852725 0.0 24000
1695866931540 0.0 28000
1695867010400 0.0 32000
1695867088924 0.0 36000
1695867167823 0.0 40000
1695867246491 0.0 44000
1695867324826 0.0 48000
1695867398731 0.0 52000
1695867471210 0.0 56000
1695867543677 0.0 60000
1695867616241 0.0 64000
1695867688634 0.0 68000
1695867761114 0.0 72000
1695867833613 0.0 76000
1695867905934 0.0 80000
1695867978612 0.0 84000
1695868050912 0.0 88000
1695868123137 0.0 92000
1695868195353 0.0 96000
1695868267453 0.0 100000
1695868339810 0.0 104000
1695868412044 0.0 108000
1695868484223 0.0 112000
1695868556530 0.0 116000
1695868628802 0.0 120000
1695868701524 0.0 124000
1695868773863 0.0 128000
1695868846239 0.0 132000
1695868918271 0.0 136000
1695868990595 0.0 140000
1695869062697 0.0 144000
1695869134927 0.0 148000
1695869207352 0.0 152000
1695869279446 0.0 156000
1695869351686 0.0 160000
1695869424105 0.0 164000
1695869496310 0.0 168000
1695869568724 0.0 172000
1695869641009 0.0 176000
1695869713239 0.0 180000
1695869785724 0.0 184000
1695869858423 0.0 188000
1695869931103 0.0 192000
1695870003440 0.0 196000
1695870075967 0.0 200000
1695870148196 0.0 204000
1695870220325 0.0 208000
1695870291124 0.0 212000
1695870362877 0.0 216000
1695870434797 0.0 220000
1695870507322 0.0 224000
1695870580430 0.0 228000
1695870652905 0.0 232000
1695870725279 0.0 236000
1695870797427 0.0 240000
1695870869737 0.0 244000
1695870942181 0.0 248000
1695871014742 0.0 252000
1695871087020 0.0 256000
1695871159199 0.0 260000
1695871231624 0.0 264000
1695871304275 0.0 268000
