1695866460190 70563.0 4000
1695866539157 70563.0 8000
1695866617825 70563.0 12000
1695866696067 70563.0 16000
1695866774251 70563.0 20000
1695866852736 70563.0 24000
1695866931550 70563.0 28000
1695867010411 70563.0 32000
1695867088934 70563.0 36000
1695867167833 70563.0 40000
1695867246502 70563.0 44000
1695867324837 70563.0 48000
1695867398742 70563.0 52000
1695867471221 70563.0 56000
1695867543688 70563.0 60000
1695867616252 70563.0 64000
1695867688645 70563.0 68000
1695867761125 70563.0 72000
1695867833624 70563.0 76000
1695867905945 70563.0 80000
1695867978623 70563.0 84000
1695868050922 70563.0 88000
1695868123148 70563.0 92000
1695868195365 70563.0 96000
1695868267464 70563.0 100000
1695868339821 70563.0 104000
1695868412055 70563.0 108000
1695868484234 70563.0 112000
1695868556541 70563.0 116000
1695868628813 70563.0 120000
1695868701535 70563.0 124000
1695868773874 70563.0 128000
1695868846250 70563.0 132000
1695868918282 70563.0 136000
1695868990606 70563.0 140000
1695869062707 70563.0 144000
1695869134938 70563.0 148000
1695869207363 70563.0 152000
1695869279456 70563.0 156000
1695869351698 70563.0 160000
1695869424116 70563.0 164000
1695869496321 70563.0 168000
1695869568735 70563.0 172000
1695869641019 70563.0 176000
1695869713250 70563.0 180000
1695869785735 70563.0 184000
1695869858434 70563.0 188000
1695869931113 70563.0 192000
1695870003451 70563.0 196000
1695870075977 70563.0 200000
1695870148209 70563.0 204000
1695870220336 70563.0 208000
1695870291135 70563.0 212000
1695870362888 70563.0 216000
1695870434809 70563.0 220000
1695870507333 70563.0 224000
1695870580441 70563.0 228000
1695870652916 70563.0 232000
1695870725290 70563.0 236000
1695870797438 70563.0 240000
1695870869747 70563.0 244000
1695870942192 70563.0 248000
1695871014753 70563.0 252000
1695871087031 70563.0 256000
1695871159212 70563.0 260000
1695871231635 70563.0 264000
1695871304285 70563.0 268000
