1695866460187 1695866460.0 4000
1695866539155 1695866539.0 8000
1695866617823 1695866617.0 12000
1695866696065 1695866695.0 16000
1695866774249 1695866774.0 20000
1695866852734 1695866852.0 24000
1695866931549 1695866931.0 28000
1695867010409 1695867010.0 32000
1695867088932 1695867088.0 36000
1695867167832 1695867167.0 40000
1695867246500 1695867246.0 44000
1695867324835 1695867324.0 48000
1695867398740 1695867398.0 52000
1695867471219 1695867471.0 56000
1695867543686 1695867543.0 60000
1695867616250 1695867616.0 64000
1695867688643 1695867688.0 68000
1695867761123 1695867761.0 72000
1695867833622 1695867833.0 76000
1695867905943 1695867905.0 80000
1695867978621 1695867978.0 84000
1695868050921 1695868050.0 88000
1695868123146 1695868123.0 92000
1695868195363 1695868195.0 96000
1695868267462 1695868267.0 100000
1695868339819 1695868339.0 104000
1695868412053 1695868411.0 108000
1695868484232 1695868484.0 112000
1695868556539 1695868556.0 116000
1695868628811 1695868628.0 120000
1695868701533 1695868701.0 124000
1695868773872 1695868773.0 128000
1695868846248 1695868846.0 132000
1695868918280 1695868918.0 136000
1695868990604 1695868990.0 140000
1695869062706 1695869062.0 144000
1695869134936 1695869134.0 148000
1695869207361 1695869207.0 152000
1695869279455 1695869279.0 156000
1695869351696 1695869351.0 160000
1695869424114 1695869423.0 164000
1695869496319 1695869496.0 168000
1695869568733 1695869568.0 172000
1695869641018 1695869640.0 176000
1695869713248 1695869713.0 180000
1695869785733 1695869785.0 184000
1695869858432 1695869858.0 188000
1695869931112 1695869930.0 192000
1695870003449 1695870003.0 196000
1695870075975 1695870075.0 200000
1695870148207 1695870148.0 204000
1695870220334 1695870220.0 208000
1695870291133 1695870291.0 212000
1695870362886 1695870362.0 216000
1695870434807 1695870434.0 220000
1695870507331 1695870507.0 224000
1695870580439 1695870580.0 228000
1695870652914 1695870652.0 232000
1695870725288 1695870725.0 236000
1695870797436 1695870797.0 240000
1695870869746 1695870869.0 244000
1695870942190 1695870942.0 248000
1695871014751 1695871014.0 252000
1695871087029 1695871086.0 256000
1695871159210 1695871159.0 260000
1695871231633 1695871231.0 264000
1695871304284 1695871304.0 268000
