1695866460182 4000.0 4000
1695866539152 8000.0 8000
1695866617818 12000.0 12000
1695866696062 16000.0 16000
1695866774245 20000.0 20000
1695866852730 24000.0 24000
1695866931545 28000.0 28000
1695867010406 32000.0 32000
1695867088929 36000.0 36000
1695867167828 40000.0 40000
1695867246496 44000.0 44000
1695867324832 48000.0 48000
1695867398736 52000.0 52000
1695867471215 56000.0 56000
1695867543682 60000.0 60000
1695867616247 64000.0 64000
1695867688639 68000.0 68000
1695867761120 72000.0 72000
1695867833618 76000.0 76000
1695867905939 80000.0 80000
1695867978618 84000.0 84000
1695868050917 88000.0 88000
1695868123142 92000.0 92000
1695868195360 96000.0 96000
1695868267458 100000.0 100000
1695868339816 104000.0 104000
1695868412049 108000.0 108000
1695868484229 112000.0 112000
1695868556535 116000.0 116000
1695868628807 120000.0 120000
1695868701529 124000.0 124000
1695868773868 128000.0 128000
1695868846245 132000.0 132000
1695868918276 136000.0 136000
1695868990600 140000.0 140000
1695869062702 144000.0 144000
1695869134932 148000.0 148000
1695869207357 152000.0 152000
1695869279451 156000.0 156000
1695869351692 160000.0 160000
1695869424111 164000.0 164000
1695869496315 168000.0 168000
1695869568730 172000.0 172000
1695869641014 176000.0 176000
1695869713244 180000.0 180000
1695869785730 184000.0 184000
1695869858428 188000.0 188000
1695869931108 192000.0 192000
1695870003446 196000.0 196000
1695870075972 200000.0 200000
1695870148203 204000.0 204000
1695870220331 208000.0 208000
1695870291129 212000.0 212000
1695870362882 216000.0 216000
1695870434803 220000.0 220000
1695870507328 224000.0 224000
1695870580436 228000.0 228000
1695870652910 232000.0 232000
1695870725285 236000.0 236000
1695870797432 240000.0 240000
1695870869742 244000.0 244000
1695870942186 248000.0 248000
1695871014748 252000.0 252000
1695871087025 256000.0 256000
1695871159206 260000.0 260000
1695871231629 264000.0 264000
1695871304280 268000.0 268000
