1695866460189 77.75246381759644 4000
1695866539156 156.479172706604 8000
1695866617824 234.94218277931213 12000
1695866696066 312.9036500453949 16000
1695866774250 390.8102810382843 20000
1695866852735 469.0278310775757 24000
1695866931550 547.5650889873505 28000
1695867010411 626.168221950531 32000
1695867088934 704.4164459705353 36000
1695867167833 783.0484402179718 40000
1695867246501 861.4384441375732 44000
1695867324836 939.4945950508118 48000
1695867398741 1013.1256580352783 52000
1695867471220 1085.3258321285248 56000
1695867543687 1157.5153682231903 60000
1695867616252 1229.7937381267548 64000
1695867688644 1301.908132314682 68000
1695867761125 1374.1076483726501 72000
1695867833623 1446.3316504955292 76000
1695867905944 1518.3753116130829 80000
1695867978623 1590.742502450943 84000
1695868050922 1662.7662944793701 88000
1695868123147 1734.7102446556091 92000
1695868195365 1806.62988448143 96000
1695868267463 1878.4489674568176 100000
1695868339820 1950.52254652977 104000
1695868412054 2022.4955542087555 108000
1695868484234 2094.393340110779 112000
1695868556540 2166.416805267334 116000
1695868628812 2238.4048709869385 120000
1695868701534 2310.8309462070465 124000
1695868773873 2382.886159181595 128000
1695868846250 2454.9783601760864 132000
1695868918281 2526.72368144989 136000
1695868990605 2598.7639575004578 140000
1695869062707 2670.573279619217 144000
1695869134937 2742.525351524353 148000
1695869207362 2814.666970729828 152000
1695869279456 2886.471047639847 156000
1695869351697 2958.419900417328 160000
1695869424116 3030.5358352661133 164000
1695869496320 3102.4583191871643 168000
1695869568735 3174.595994234085 172000
1695869641019 3246.6024162769318 176000
1695869713249 3318.5428054332733 180000
1695869785734 3390.7278254032135 184000
1695869858433 3463.146127462387 188000
1695869931113 3535.5372684001923 192000
1695870003450 3607.587606191635 196000
1695870075976 3679.825323343277 200000
1695870148208 3751.7414650917053 204000
1695870220335 3823.571095228195 208000
1695870291134 3894.0864701271057 212000
1695870362887 3965.543746471405 216000
1695870434808 4037.176290512085 220000
1695870507332 4109.413772583008 224000
1695870580440 4182.232632637024 228000
1695870652915 4254.427175521851 232000
1695870725290 4326.495090246201 236000
1695870797437 4398.355831384659 240000
1695870869747 4470.373824357986 244000
1695870942191 4542.534401416779 248000
1695871014753 4614.810683488846 252000
1695871087030 4686.8003034591675 256000
1695871159211 4758.676845550537 260000
1695871231634 4830.800516605377 264000
1695871304285 4903.160507678986 268000
