1695866460188 77.75246381759644 4000
1695866539156 78.72670888900757 8000
1695866617823 78.46301007270813 12000
1695866696066 77.96146726608276 16000
1695866774250 77.9066309928894 20000
1695866852734 78.21755003929138 24000
1695866931549 78.53725790977478 28000
1695867010410 78.60313296318054 32000
1695867088933 78.24822402000427 36000
1695867167832 78.63199424743652 40000
1695867246501 78.39000391960144 44000
1695867324836 78.05615091323853 48000
1695867398741 73.63106298446655 52000
1695867471219 72.20017409324646 56000
1695867543686 72.18953609466553 60000
1695867616251 72.27836990356445 64000
1695867688643 72.11439418792725 68000
1695867761124 72.19951605796814 72000
1695867833623 72.22400212287903 76000
1695867905943 72.04366111755371 80000
1695867978622 72.36719083786011 84000
1695868050921 72.02379202842712 88000
1695868123147 71.94395017623901 92000
1695868195364 71.91963982582092 96000
1695868267463 71.81908297538757 100000
1695868339820 72.07357907295227 104000
1695868412053 71.9730076789856 108000
1695868484233 71.89778590202332 112000
1695868556540 72.02346515655518 116000
1695868628811 71.98806571960449 120000
1695868701534 72.42607522010803 124000
1695868773873 72.05521297454834 128000
1695868846249 72.09220099449158 132000
1695868918280 71.74532127380371 136000
1695868990605 72.04027605056763 140000
1695869062706 71.80932211875916 144000
1695869134937 71.95207190513611 148000
1695869207362 72.14161920547485 152000
1695869279455 71.80407691001892 156000
1695869351697 71.94885277748108 160000
1695869424115 72.1159348487854 164000
1695869496320 71.92248392105103 168000
1695869568734 72.13767504692078 172000
1695869641018 72.00642204284668 176000
1695869713249 71.94038915634155 180000
1695869785734 72.18501996994019 184000
1695869858432 72.41830205917358 188000
1695869931112 72.39114093780518 192000
1695870003450 72.05033779144287 196000
1695870075976 72.23771715164185 200000
1695870148208 71.91614174842834 204000
1695870220335 71.82963013648987 208000
1695870291133 70.51537489891052 212000
1695870362886 71.45727634429932 216000
1695870434807 71.63254404067993 220000
1695870507332 72.23748207092285 224000
1695870580440 72.81886005401611 228000
1695870652914 72.19454288482666 232000
1695870725289 72.06791472434998 236000
1695870797437 71.86074113845825 240000
1695870869746 72.01799297332764 244000
1695870942190 72.16057705879211 248000
1695871014752 72.27628207206726 252000
1695871087029 71.98961997032166 256000
1695871159210 71.87654209136963 260000
1695871231633 72.12367105484009 264000
1695871304284 72.3599910736084 268000
