1695866460186 1.0 4000
1695866539155 2.0 8000
1695866617822 3.0 12000
1695866696065 4.0 16000
1695866774248 5.0 20000
1695866852733 6.0 24000
1695866931548 7.0 28000
1695867010409 8.0 32000
1695867088932 9.0 36000
1695867167831 10.0 40000
1695867246499 11.0 44000
1695867324835 12.0 48000
1695867398739 13.0 52000
1695867471218 14.0 56000
1695867543685 15.0 60000
1695867616250 16.0 64000
1695867688642 17.0 68000
1695867761123 18.0 72000
1695867833621 19.0 76000
1695867905942 20.0 80000
1695867978621 21.0 84000
1695868050920 22.0 88000
1695868123145 23.0 92000
1695868195363 24.0 96000
1695868267462 25.0 100000
1695868339819 26.0 104000
1695868412052 27.0 108000
1695868484232 28.0 112000
1695868556538 29.0 116000
1695868628810 30.0 120000
1695868701532 31.0 124000
1695868773871 32.0 128000
1695868846248 33.0 132000
1695868918279 34.0 136000
1695868990603 35.0 140000
1695869062705 36.0 144000
1695869134935 37.0 148000
1695869207360 38.0 152000
1695869279454 39.0 156000
1695869351695 40.0 160000
1695869424114 41.0 164000
1695869496319 42.0 168000
1695869568733 43.0 172000
1695869641017 44.0 176000
1695869713247 45.0 180000
1695869785733 46.0 184000
1695869858431 47.0 188000
1695869931111 48.0 192000
1695870003449 49.0 196000
1695870075975 50.0 200000
1695870148207 51.0 204000
1695870220334 52.0 208000
1695870291132 53.0 212000
1695870362885 54.0 216000
1695870434806 55.0 220000
1695870507331 56.0 224000
1695870580439 57.0 228000
1695870652913 58.0 232000
1695870725288 59.0 236000
1695870797435 60.0 240000
1695870869745 61.0 244000
1695870942189 62.0 248000
1695871014751 63.0 252000
1695871087028 64.0 256000
1695871159209 65.0 260000
1695871231632 66.0 264000
1695871304283 67.0 268000
