1695863976024 2.0 4000
1695864053912 2.0 8000
1695864131990 2.0 12000
1695864210366 2.0 16000
1695864289237 2.0 20000
1695864367988 2.0 24000
1695864446648 2.0 28000
1695864524977 2.0 32000
1695864603051 2.0 36000
1695864681344 2.0 40000
1695864759825 2.0 44000
1695864838389 2.0 48000
1695864917205 2.0 52000
1695864995663 2.0 56000
1695865073889 2.0 60000
1695865152258 2.0 64000
1695865230462 2.0 68000
1695865308731 2.0 72000
1695865386834 2.0 76000
1695865465455 2.0 80000
1695865543629 2.0 84000
1695865622176 2.0 88000
1695865700547 2.0 92000
1695865778985 2.0 96000
1695865857332 2.0 100000
1695865935684 2.0 104000
1695866013988 2.0 108000
1695866092413 2.0 112000
1695866170776 2.0 116000
1695866249455 2.0 120000
